//------------------------------------------------------------------------------
//
// Sistema de Informações Hidrológicas
// Versão Web 3.0
// © 2001 Agência Nacional de Águas (ANA)
//
// NivelConsistencia: 1 = Bruto, 2 = Consistido
// MediaDiaria: 0 = Não, 1 = Sim
// MetodoObtencaoVazoes: 1 = Curva de descarga, 2 = Transferência de vazões, 3 = Soma de vazões, 4 = ADCP
// Status: 0 = Branco, 1 = Real, 2 = Estimado, 3 = Duvidoso, 4 = Régua Seca
//
// Restrições da consulta:
//   Código da Estação: 39620000
//
//------------------------------------------------------------------------------

//EstacaoCodigo;NivelConsistencia;Data;Hora;MediaDiaria;MetodoObtencaoVazoes;Maxima;Minima;Media;DiaMaxima;DiaMinima;MaximaStatus;MinimaStatus;MediaStatus;MediaAnual;MediaAnualStatus;Vazao01;Vazao02;Vazao03;Vazao04;Vazao05;Vazao06;Vazao07;Vazao08;Vazao09;Vazao10;Vazao11;Vazao12;Vazao13;Vazao14;Vazao15;Vazao16;Vazao17;Vazao18;Vazao19;Vazao20;Vazao21;Vazao22;Vazao23;Vazao24;Vazao25;Vazao26;Vazao27;Vazao28;Vazao29;Vazao30;Vazao31;Vazao01Status;Vazao02Status;Vazao03Status;Vazao04Status;Vazao05Status;Vazao06Status;Vazao07Status;Vazao08Status;Vazao09Status;Vazao10Status;Vazao11Status;Vazao12Status;Vazao13Status;Vazao14Status;Vazao15Status;Vazao16Status;Vazao17Status;Vazao18Status;Vazao19Status;Vazao20Status;Vazao21Status;Vazao22Status;Vazao23Status;Vazao24Status;Vazao25Status;Vazao26Status;Vazao27Status;Vazao28Status;Vazao29Status;Vazao30Status;Vazao31Status;
39620000;1;01/01/2007;;1;1;4,715972;1,03514;2,341918;12;26;0;0;0;;0;3,165507;3,477491;3,802415;4,226569;4,054521;3,01441;2,65109;2,1453;2,242653;2,6159;4,446076;4,6705;2,830164;2,341918;2,242653;1,98732;1,925633;1,86481;1,925633;1,804855;1,68756;1,573774;1,545879;1,203576;1,154304;1,058512;1,105948;1,130011;1,956369;2,8666;2,793934;;;;;;;;;;;;;;;;;;;;;;;;;;;;;;;;
39620000;1;01/02/2007;;1;1;3,843934;0,856563;2,1453;21;13;0;0;0;;0;2,177538;2,081465;1,804855;1,68756;2,1453;2,113276;1,98732;1,925633;1,895113;1,804855;1,74577;0,9217714;0,8780633;1,082115;1,356844;1,545879;1,68756;3,01441;2,903244;3,280977;3,761096;3,557514;3,280977;2,6159;2,6159;2,308618;2,341918;2,977149;;;;1;1;1;1;1;1;1;1;1;1;1;1;1;1;1;1;1;1;1;1;1;1;1;1;1;1;1;1;0;0;;
39620000;1;01/03/2007;;1;1;17,61597;2,477228;5,276816;1;16;0;0;0;;0;16,91004;15,6327;12,58954;11,98131;11,55496;9,648161;5,133988;4,097235;4,580142;4,85356;7,179528;12,32725;7,28972;3,761096;2,686489;2,511582;2,903244;3,719978;4,992901;4,490569;3,557514;3,01441;2,903244;2,830164;2,940093;2,830164;2,793934;2,8666;2,940093;2,940093;3,089549;1;1;1;1;1;1;1;1;1;1;1;1;1;1;1;1;1;1;1;1;1;1;1;1;1;1;1;1;1;1;1;
39620000;1;01/04/2007;;1;1;26,07954;1,658783;1,896747;30;13;0;0;0;;0;2,793934;2,65109;2,6159;2,511582;2,375429;2,242653;2,242653;2,209989;2,275529;2,375429;2,341918;2,177538;2,1453;2,375429;3,127426;3,843934;3,517402;3,319874;2,757911;1,895113;2,049869;1,98732;2,1453;2,275529;2,308618;2,341918;2,580918;2,8666;16,31504;25,23981;;1;1;1;1;1;1;1;1;1;1;1;1;1;1;1;1;1;1;1;1;1;1;1;1;1;1;1;1;1;1;;
39620000;1;01/05/2007;;1;1;45,03089;8,024042;18,1703;1;26;0;0;1;;0;44,72442;41,11844;39,5102;36,23872;32,55721;29,04953;22,22676;19,70218;18,02502;16,91004;15,53627;14,49279;12,85423;13,03204;15,92357;13,57185;14,30649;15,24853;16,51233;16,61137;15,15315;13,21091;11,4705;9,836776;8,789458;8,373467;8,789458;8,729484;9,585649;10,21886;10,96946;;;;;;;;;;;;;;;;;;;;;;;;;;;;;;;;
39620000;1;01/06/2007;;1;1;45,184;2,409;13,827;29;11;1;1;1;;0;8,729;13,937;13,845;12,067;10,091;7,512;3,679;3,32;3,052;2,722;2,409;3,052;8,315;7,625;6,8;7,456;10,641;17,718;21,778;16,711;12,854;9,711;13,663;15,729;16,217;16,91;31,238;33,901;45,184;37,93;;;;;;;;;;;;;;;;;;1;;;;;;;;;;;;;;;
39620000;1;01/07/2007;;1;1;23,02145;3,051877;10,06922;10;21;0;0;1;;0;11,8955;11,4705;11,21875;10,96946;8,373467;7,400655;6,853429;6,221494;19,80917;22,79315;20,3479;14,39951;10,72262;9,523318;8,610081;8,373467;7,737913;6,692906;5,915732;3,398277;3,089549;3,557514;12,41441;14,21373;9,710852;9,963418;9,461167;10,21886;10,72262;8,610081;7,456402;;;;;;;;;;;;;;;;;;;;;;;;;;;;;;;;
39620000;1;01/08/2007;;1;1;34,30823;4,992901;15,74925;7;31;0;0;1;;0;9,710852;26,68671;25,35903;31,36855;29,68588;31,10703;34,03623;32,15884;27,67089;10,80463;9,963418;9,337408;8,314771;11,72469;21,33354;16,31504;14,86856;13,75392;10,41232;8,08182;13,66276;15,34418;13,39085;11,13538;9,710852;9,275799;8,550653;7,737913;6,118814;5,518719;5,086765;1;1;1;1;1;1;1;1;1;1;1;1;1;1;1;1;1;1;1;1;1;1;1;1;1;1;1;1;1;1;1;
39620000;1;01/09/2007;;1;1;14,30649;2,341918;6,400804;7;24;0;0;0;;0;4,535257;3,885652;3,203793;5,373;8,314771;11,72469;14,30649;10,64089;9,214372;8,197928;7,179528;6,324932;7,070082;8,789458;10,02701;8,729484;7,456402;6,118814;4,490569;3,557514;3,051877;2,903244;2,580918;2,341918;5,518719;5,765419;6,067759;5,616824;4,85356;4,183259;;1;1;1;1;1;1;1;1;1;1;1;1;1;1;1;1;1;1;1;1;1;1;1;1;1;1;1;1;1;1;;
39620000;1;01/10/2007;;1;1;5,469954;2,341918;3,309327;13;8;0;0;1;;0;3,719978;3,051877;2,8666;3,280977;3,679061;3,203793;2,757911;2,409152;3,127426;3,517402;4,270075;4,625223;4,992901;4,715972;3,969688;3,477491;3,051877;3,089549;3,089549;3,089549;2,977149;3,01441;3,01441;3,051877;2,977149;2,830164;2,977149;2,977149;2,903244;2,903244;2,977149;1;1;1;1;1;1;1;1;1;1;1;1;1;1;1;1;1;1;1;1;1;1;1;1;1;1;1;1;1;1;1;
39620000;1;01/11/2007;;1;1;3,679061;2,409152;3,041595;10;4;0;0;1;;0;3,165507;3,051877;2,903244;2,757911;2,8666;3,01441;3,165507;3,089549;3,165507;3,242283;3,089549;3,089549;2,977149;2,977149;3,01441;2,977149;2,977149;2,977149;2,8666;2,977149;3,127426;3,127426;3,051877;3,203793;3,203793;3,089549;3,127426;3,127426;2,977149;2,8666;;1;1;1;1;1;1;1;1;1;1;1;1;1;1;1;1;1;1;1;1;1;1;1;1;1;1;1;1;1;1;;
39620000;1;01/12/2007;;1;1;2,830164;1,834724;2,264004;25;2;0;0;1;;0;2,018487;1,925633;2,018487;2,275529;2,242653;2,209989;2,275529;2,341918;2,308618;2,308618;2,308618;2,1453;2,209989;2,308618;2,308618;2,308618;2,209989;2,308618;2,275529;2,275529;2,275529;2,242653;2,308618;2,375429;2,477228;2,409152;2,341918;2,341918;2,275529;2,308618;2,242653;1;1;1;1;1;1;1;1;1;1;1;1;1;1;1;1;1;1;1;1;1;1;1;1;1;1;1;1;1;1;1;
39620000;1;01/01/2008;;1;1;2,977149;1,834724;2,302637;1;5;0;0;1;;0;2,443085;2,308618;2,209989;2,209989;2,209989;2,308618;2,308618;2,242653;2,242653;2,341918;2,341918;2,275529;2,308618;2,375429;2,443085;2,375429;2,308618;2,308618;2,308618;2,242653;2,242653;2,242653;2,275529;2,308618;2,308618;2,375429;2,443085;2,341918;2,275529;2,275529;2,177538;1;1;1;1;1;1;1;1;1;1;1;1;1;1;1;1;1;1;1;1;1;1;1;1;1;1;1;1;1;1;1;
39620000;1;01/02/2008;;1;1;3,597829;1,834724;2,52372;17;9;0;0;1;;0;2,308618;2,209989;2,209989;2,275529;2,341918;2,341918;2,341918;2,275529;2,177538;2,242653;2,209989;2,375429;2,511582;2,6159;2,722096;3,01441;3,242283;3,165507;3,01441;2,830164;2,793934;2,686489;2,686489;2,580918;2,443085;2,443085;2,341918;2,409152;2,375429;;;1;1;1;1;1;1;1;1;1;1;1;1;1;1;1;1;1;1;1;1;1;1;1;1;1;1;1;1;1;0;;
39620000;1;01/03/2008;;1;1;23,02145;1,834724;6,608303;21;2;1;1;1;;0;2,209989;2,209989;2,275529;2,409152;2,409152;2,409152;2,409152;2,409152;2,341918;2,546145;2,275529;2,209989;2,209989;2,209989;2,275529;2,341918;3,843934;11,4705;12,50184;16,41356;22,56584;15,44009;13,21091;11,3024;11,13538;10,80463;11,98131;9,585649;6,067759;4,899813;6,481504;1;1;1;1;1;1;1;1;1;1;1;1;1;1;1;1;1;1;1;1;1;1;1;1;1;1;1;1;1;1;1;
39620000;1;01/04/2008;;1;1;15,82635;2,081465;4,647369;7;28;0;0;1;;0;5,229013;4,6705;3,802415;3,280977;3,802415;4,270075;15,34418;14,30649;12,6775;8,970474;4,715972;2,977149;2,341918;2,686489;3,242283;3,679061;4,097235;3,843934;3,885652;3,597829;3,719978;3,398277;2,8666;2,830164;2,65109;2,477228;2,341918;2,375429;2,580918;2,757911;;1;1;1;1;1;1;1;1;1;1;1;1;1;1;1;1;1;1;1;1;1;1;1;1;1;1;1;1;1;1;;
39620000;1;01/05/2008;;1;1;24,41213;3,679061;11,98057;12;1;0;0;1;;0;3,719978;4,140148;4,715972;5,276816;5,666164;5,086765;4,625223;4,270075;8,314771;14,96316;17,01011;24,17787;21,66662;19,17105;16,61137;18,54211;21,33354;19,06559;21,66662;22,45256;21,44432;9,031177;8,432346;7,400655;6,692906;7,456402;7,909038;8,789458;9,648161;10,47716;11,63969;1;1;1;1;1;1;1;1;1;1;1;1;1;1;1;1;1;1;1;1;1;1;1;1;1;1;1;1;1;1;1;
39620000;1;01/06/2008;;1;1;24,41213;6,907312;12,8565;6;28;0;0;1;;0;7,568451;8,197928;9,031177;10,09078;21,11275;24,06111;19,91641;17,61597;16,61137;15,44009;17,01011;18,12793;19,48897;17,61597;16,11878;14,68015;13,21091;11,21875;9,399197;10,21886;9,523318;9,773724;10,72262;10,02701;9,031177;8,197928;7,624753;7,124712;8,024042;8,909953;;;;;;;;;;;;;;;;;;;;;;;;;;;;;;;;;
39620000;1;01/07/2008;;1;1;37,0802;9,214372;19,12621;21;1;0;0;1;;0;9,399197;10,55943;13,75392;14,77422;15,34418;29,43061;26,07954;23,71232;20,45641;19,27677;18,02502;16,41356;14,68015;13,57185;11,98131;14,12124;16,71067;31,49966;13,57185;28,92299;36,79877;33,76518;29,04953;24,06111;19,27677;17,61597;15,6327;14,86856;13,39085;12,41441;13,75392;1;1;1;1;1;1;1;1;1;1;1;1;1;1;1;1;1;1;1;1;1;1;1;1;1;1;1;1;1;1;1;
39620000;1;01/08/2008;;1;1;24,17787;2,6159;10,04996;5;15;0;0;1;;0;12,32725;14,96316;17,11044;22,56584;23,9446;12,32725;10,02701;8,024042;6,639773;5,666164;4,946259;4,140148;3,638344;3,127426;2,686489;5,915732;7,070082;8,970474;19,06559;18,02502;17,01011;14,77422;11,98131;9,031177;7,966448;6,746226;5,765419;6,799734;7,681241;6,746226;5,865437;1;1;1;1;1;1;1;1;1;1;1;1;1;1;1;1;1;1;1;1;1;1;1;1;1;1;1;1;1;1;1;
39620000;1;01/09/2008;;1;1;9,09206;1,834724;3,778965;5;26;0;0;1;;0;4,6705;5,715696;6,481504;8,197928;8,610081;7,015638;5,666164;4,535257;3,843934;3,280977;2,977149;2,546145;2,903244;2,341918;1,956369;2,1453;3,242283;5,133988;4,490569;3,927571;3,437783;2,793934;2,546145;2,341918;2,1453;1,925633;2,209989;1,925633;2,341918;2,018487;;;;;;;;;;;;;;;;;;;;;1;1;1;1;1;1;1;1;1;1;1;;
39620000;1;01/10/2008;;1;1;2,686489;1,658783;2,076023;11;22;0;0;1;;0;2,546145;2,209989;1,925633;2,1453;2,275529;2,081465;1,925633;1,775203;2,081465;2,375429;2,6159;2,275529;2,018487;1,86481;2,242653;2,049869;1,86481;1,98732;2,113276;1,956369;1,804855;1,68756;1,925633;2,081465;2,177538;2,275529;2,1453;2,209989;2,018487;1,86481;1,834724;1;1;1;1;1;1;1;1;1;1;1;1;1;1;1;1;1;1;1;1;1;1;1;1;1;1;1;1;1;1;1;
39620000;1;01/11/2008;;1;1;4,715972;1,60189;3,235502;14;3;0;0;1;;0;1,86481;1,98732;1,925633;1,895113;1,925633;2,113276;2,113276;2,177538;2,242653;3,242283;3,927571;4,012005;4,183259;4,31378;4,097235;4,270075;4,012005;3,969688;3,927571;3,638344;3,843934;3,203793;3,802415;3,761096;3,761096;4,012005;3,719978;3,089549;3,165507;2,8666;;1;1;1;1;1;1;1;1;1;1;1;1;1;1;1;1;1;1;1;1;1;1;1;1;1;1;1;1;1;1;;
39620000;1;01/01/2009;;1;1;2,6159;1,8347;2,1185;12;1;0;0;1;;0;1,8951;1,9256;1,9564;2,0185;2,0815;2,1133;2,0815;2,0499;2,0815;2,21;2,3419;2,4772;2,3419;2,21;2,0815;1,9873;1,9256;2,0499;1,9873;1,9873;2,0815;2,0815;1,9873;2,0815;2,0815;2,1133;2,2427;2,2427;2,3754;2,3419;2,2427;1;1;1;1;1;1;1;1;1;1;1;1;1;1;1;1;1;1;1;1;1;1;1;1;1;1;1;1;1;1;1;
39620000;1;01/02/2009;;1;1;20,5652;1,9564;5,0549;23;1;0;0;1;;0;2,2427;2,3754;2,6865;3,0895;5,4214;4,7616;4,5353;4,1833;3,9276;3,4775;3,2423;3,1274;3,3199;3,4775;3,4775;3,1655;2,9032;2,5461;2,3419;2,3086;2,6511;3,3983;20,3479;14,9632;11,1354;8,8496;7,5123;6,0678;;;;1;1;1;1;1;1;1;1;1;1;1;1;1;1;1;1;1;1;1;1;1;1;1;1;1;1;1;1;0;0;0;
39620000;1;01/03/2009;;1;1;26,3217;1,9564;4,6883;3;17;0;0;1;;0;4,716;11,7247;25,8384;24,1779;5,7157;4,716;3,9276;3,5174;3,1655;2,9032;2,5461;2,21;2,3754;2,1453;2,0499;2,1453;2,0499;2,21;2,1775;2,4092;2,6865;2,7939;3,0519;3,2038;3,281;3,1655;3,1655;3,0895;3,0144;2,6865;2,4772;1;1;1;1;1;1;1;1;1;1;1;1;1;1;1;1;1;1;1;1;1;1;1;1;1;1;1;1;1;1;1;
39620000;1;01/04/2009;;1;1;42,3057;2,0185;7,8369;23;4;0;0;1;;0;2,4092;2,3419;2,21;2,1133;2,2427;2,6511;3,0144;3,0144;3,1274;2,9032;2,9401;3,0144;3,0144;3,0144;2,9401;3,0144;3,0895;3,281;3,5978;4,012;4,1833;5,47;41,266;40,5304;32,1588;18,5421;11,3863;8,9705;7,909;6,7462;;1;1;1;1;1;1;1;1;1;1;1;1;1;1;1;1;1;1;1;1;1;1;1;1;1;1;1;1;1;1;0;
39620000;1;01/05/2009;;1;1;41,1184;3,2038;11,8727;4;9;0;0;1;;0;6,0169;6,2215;7,6248;40,677;38,2153;32,6905;5,9662;4,5801;3,6383;3,8439;4,0545;4,6252;6,1188;4,716;4,2701;4,5801;4,2266;3,8857;3,72;3,8024;4,4018;7,2345;7,6248;8,1979;10,4772;13,7539;13,6628;34,4446;29,0495;24,1779;21,5553;1;1;1;1;1;1;1;1;1;1;1;1;1;1;1;1;1;1;1;1;1;1;1;1;1;1;1;1;1;1;1;
39620000;1;01/06/2009;;1;1;40,2377;4,8075;11,9634;12;5;0;0;1;;0;12,2404;11,3024;7,9664;6,6929;5,3248;6,7997;7,7948;7,1247;7,5123;6,8534;6,7997;38,6448;35,5439;33,2259;14,3065;13,9371;13,3007;8,1979;7,0701;7,909;8,4323;8,6697;7,7379;7,0701;6,5341;7,4564;7,8518;9,5856;27,0539;9,9634;;1;1;1;1;1;1;1;1;1;1;1;1;1;1;1;1;1;1;1;1;1;1;1;1;1;1;1;1;1;1;0;
39620000;1;01/07/2009;;1;1;37,3626;5,7654;12,5813;2;31;0;0;1;;0;9,3992;37,0802;34,718;33,7652;13,5719;9,5233;9,2758;9,1531;8,7895;8,5507;8,3148;8,0818;8,1979;8,4323;8,5507;8,6697;8,3148;8,1398;8,5507;8,6101;8,7895;8,91;9,5856;9,9;26,5648;23,9446;19,1711;6,6929;6,5341;6,1188;6,1188;1;1;1;1;1;1;1;1;1;1;1;1;1;1;1;1;1;1;1;1;1;1;1;1;1;1;1;1;1;1;1;
39620000;1;01/08/2009;;1;1;34,8551;5,373;15,3258;7;17;1;1;1;;0;5,9662;5,8654;5,9662;5,8654;6,1701;6,5868;34,8551;33,4951;29,8139;27,547;25,1208;19,489;6,2731;6,0678;5,8654;5,6662;5,47;5,9662;7,1247;7,0156;7,4564;8,8496;9,4612;10,0908;28,5448;32,1588;30,3282;28,7967;26,3217;19,489;17,413;1;1;1;1;1;1;1;1;1;1;1;1;1;1;1;1;1;1;1;1;1;1;1;1;1;1;1;1;1;1;1;
39620000;1;01/09/2009;;1;1;7,1247;2,5461;5,1339;1;30;0;0;1;;0;7,0156;6,2215;6,3249;6,3249;6,2215;6,2215;6,1188;6,3249;6,2215;6,1188;6,0169;5,9157;6,1701;6,1701;6,1701;6,0678;6,1188;5,7654;5,229;4,716;4,4461;3,9276;3,6383;3,4775;3,1655;3,0144;2,8666;2,7939;2,6511;2,5809;;1;1;1;1;1;1;1;1;1;1;1;1;1;1;1;1;1;1;1;1;1;1;1;1;1;1;1;1;1;1;0;
39620000;1;01/10/2009;;1;1;4,716;2,9032;3,8138;5;1;0;0;1;;0;2,9771;3,281;3,4775;3,8439;4,716;4,5801;4,6705;4,5801;4,6252;4,5801;4,4018;4,3577;4,2266;4,3138;4,0972;3,8857;3,8024;3,72;3,6383;3,72;3,8024;3,6383;3,72;3,5575;3,3983;3,2423;3,0895;3,0144;3,0144;3,0895;3,1655;1;1;1;1;1;1;1;1;1;1;1;1;1;1;1;1;1;1;1;1;1;1;1;1;1;1;1;1;1;1;1;
39620000;1;01/11/2009;;1;1;3,5174;1,8951;2,947;3;24;0;0;1;;0;3,3199;3,3983;3,4775;3,3983;3,3199;3,2423;3,3983;3,3199;3,359;3,281;3,4378;3,359;3,281;3,3199;3,359;3,281;3,0895;3,0144;3,0144;2,7939;2,3419;2,1775;2,0499;1,9256;2,1133;2,1453;2,3086;2,5116;2,6511;2,7221;;;;;;;;;;;;;;;;;;;;;;;;;;;;;;;;0;
39620000;1;01/12/2009;;1;1;5,47;1,6588;3,0906;24;20;1;1;1;;0;2,9771;2,9032;3,1274;3,0519;2,9771;2,6865;2,5461;2,4092;2,4772;2,6865;2,7579;2,9032;3,0519;3,2038;2,9771;2,2755;2,0185;1,7166;1,7752;1,6588;3,359;3,4378;4,1833;5,47;5,373;4,716;4,6252;3,6791;3,0519;2,9032;2,8302;;;;;;;;;;;;;;;;;;;;;;;;;;;;;;;;
39620000;1;01/01/2010;;1;1;11,1354;2,8302;4,1788;22;12;0;0;1;;0;2,9401;2,9771;3,0144;3,1274;3,0144;3,2423;3,3199;3,0895;3,0144;3,0895;2,9401;2,8666;2,9401;3,0895;3,0144;3,0519;3,0895;3,1655;3,5978;3,8857;6,0678;10,8046;9,0312;7,909;6,1701;5,47;4,6252;4,0972;4,1833;4,4018;4,3138;1;1;1;1;1;1;1;1;1;1;1;1;1;1;1;1;1;1;1;1;1;1;1;1;1;1;1;1;1;1;1;
39620000;1;01/02/2010;;1;1;5,9662;3,2038;4,3068;21;8;0;0;1;;0;4,6705;4,4906;4,4018;3,8857;3,72;3,8024;3,5575;3,281;3,4775;3,72;3,6383;3,72;3,8439;3,9697;4,2266;3,7611;4,0972;4,4461;4,8536;5,2768;5,7654;4,6252;4,2266;4,0545;4,8075;5,229;5,7654;5,2768;;;;1;1;1;1;1;1;1;1;1;1;1;1;1;1;1;1;1;1;1;1;1;1;1;1;1;1;1;1;0;0;0;
39620000;1;01/03/2010;;1;1;4,716;0,9891;2,4422;30;21;0;0;1;;0;3,359;3,6383;2,6865;2,4772;2,7221;2,7939;3,359;3,281;2,9771;2,8666;2,8666;2,6159;2,0815;1,7166;1,5459;1,7752;1,7752;1,7458;1,6302;1,5182;1,5182;1,6302;1,7166;1,7166;1,9256;2,1453;2,5461;2,7939;3,0895;3,5978;3,5978;1;1;1;1;1;1;1;1;1;1;1;1;1;1;1;1;1;1;1;1;1;1;1;1;1;1;1;1;1;1;1;
39620000;1;01/04/2010;;1;1;21,4443;1,6019;8,0036;16;7;0;0;1;;0;3,4775;2,9771;2,5461;2,2755;1,9564;1,8347;1,7166;1,8951;2,1453;2,6865;3,281;3,5978;4,9929;6,5868;7,9664;20,893;19,2768;20,1317;21,0027;20,5652;16,6114;13,9371;11,4705;10,2189;9,2144;7,8518;6,4291;4,6252;4,1833;3,7611;;1;1;1;1;1;1;1;1;1;1;1;1;1;1;1;1;1;1;1;1;1;1;1;1;1;1;1;1;1;1;0;
39620000;1;01/05/2010;;1;1;3,6791;1,6019;2,6085;1;28;0;0;1;;0;3,5978;3,4378;3,5978;3,281;2,9771;2,8302;2,5461;2,2755;2,5461;2,6865;2,9771;3,281;2,9771;2,6865;2,6865;2,6159;2,8302;2,8302;2,6865;2,0185;2,5461;2,8302;2,5461;2,2755;2,0185;1,8951;1,8049;1,8049;1,9256;1,9256;1,9256;1;1;1;1;1;1;1;1;1;1;1;1;1;1;1;1;1;1;1;1;1;1;1;1;1;1;1;1;1;1;1;
39620000;1;01/06/2010;;1;1;73,9754;1,6019;25,8064;28;1;0;0;1;;0;1,7752;1,7752;1,8347;2,21;30,5869;31,631;30,5869;18,6463;7,3451;5,6168;4,8536;4,7616;7,909;36,2387;31,8945;28,044;38,2153;44,1142;50,3805;51,6774;31,631;41,4139;16,4136;24,6474;25,5982;24,7654;22,5658;68,3508;45,9558;42,7547;;1;1;1;1;1;1;1;1;1;1;1;1;1;1;1;1;1;1;1;1;1;1;1;1;1;1;1;1;1;1;0;
39620000;1;01/07/2010;;1;1;20,3479;6,0678;11,7069;1;7;0;0;1;;0;19,9164;17,3119;11,9813;8,7295;8,6101;7,6812;7,2345;8,6101;17,616;14,3065;12,3273;15,8264;18,8554;19,0656;19,7022;18,025;17,211;16,4136;13,5719;10,2832;8,8496;7,909;6,7997;6,2731;6,5341;6,4815;7,0156;7,4564;7,4564;7,6812;7,1795;1;1;1;1;1;1;1;1;1;1;1;1;1;1;1;1;1;1;1;1;1;1;1;1;1;1;1;1;1;1;1;
39620000;1;01/08/2010;;1;1;25,8384;5,0868;8,2278;23;17;0;0;1;;0;6,3769;5,9662;5,5677;5,9662;6,3769;6,7997;6,9073;7,0156;8,024;9,7109;10,8046;10,0908;9,0921;7,909;6,9073;5,5677;5,373;5,373;5,7654;6,1701;8,7295;12,5018;23,0214;18,6463;10,6409;8,4914;6,3769;6,3769;6,2731;6,2731;5,9662;1;1;1;1;1;1;1;1;1;1;1;1;1;1;1;1;1;1;1;1;1;1;1;1;1;1;1;1;1;1;1;
39620000;1;01/09/2010;;1;1;31,3685;4,012;8,4241;15;30;0;0;1;;0;8,5507;11,1354;16,6114;15,4401;12,3273;7,6812;6,1701;5,1814;5,373;4,8998;4,6252;4,6252;4,9929;8,024;27,795;18,8554;14,6801;9,2144;5,9662;5,7654;5,8654;5,8153;5,6662;5,9157;5,9157;6,1701;5,8654;5,1814;4,3577;4,0545;;1;1;1;1;1;1;1;1;1;1;1;1;1;1;1;1;1;1;1;1;1;1;1;1;1;1;1;1;1;1;0;
39620000;1;01/10/2010;;1;1;4,716;2,4772;3,6533;6;3;0;0;1;;0;3,359;2,7579;2,5461;2,9032;4,4461;4,5801;4,5801;4,5353;4,5801;4,4018;3,9276;4,012;3,1274;3,0895;3,0144;3,281;3,3983;3,3983;3,5575;3,7611;4,0545;4,2266;4,0545;3,8857;4,0545;3,8024;3,4775;3,3199;3,0895;3,0144;3,0144;1;1;1;1;1;1;1;1;1;1;1;1;1;1;1;1;1;1;1;1;1;1;1;1;1;1;1;1;1;1;1;
39620000;1;01/11/2010;;1;1;4,0972;2,0185;2,7377;6;30;0;0;1;;0;2,7939;2,8302;3,1655;3,6791;3,9697;4,0545;3,2038;3,2038;2,5116;2,5809;2,5809;2,6511;2,5809;2,6511;2,5809;2,5116;2,5116;2,5809;2,5809;2,6511;2,7221;2,7221;2,6511;2,6511;2,5809;2,4092;2,1133;2,2427;2,1133;2,0499;;1;1;1;1;1;1;1;1;1;1;1;1;1;1;1;1;1;1;1;1;1;1;1;1;1;1;1;1;1;1;0;
39620000;1;01/12/2010;;1;1;3,9276;1,7166;2,4947;3;15;0;0;1;;0;2,5809;2,6511;3,8857;3,8024;3,8857;3,8024;2,7939;2,7939;2,8302;2,9032;1,9873;1,8951;1,9873;1,9256;1,7752;1,8347;2,3754;2,4092;2,4092;2,3419;2,8666;2,9032;2,7939;1,9256;1,9256;1,9873;1,9256;1,9873;2,0499;2,0499;2,0499;1;1;1;1;1;1;1;1;1;1;1;1;1;1;1;1;1;1;1;1;1;1;1;1;1;1;1;1;1;1;1;
39620000;1;01/01/2011;;1;1;4,012;1,7166;2,8253;23;7;0;0;1;;0;3,2423;3,281;3,3983;3,6383;3,6791;1,8648;1,7458;1,7458;1,8648;1,8648;1,9873;2,1775;2,2427;2,2427;3,0895;3,0895;3,0144;3,0144;3,0895;3,1274;3,3983;3,6791;3,9697;3,8024;3,281;2,8302;2,5461;2,5809;2,6511;2,7221;2,7221;1;1;1;1;1;1;1;1;1;1;1;1;1;1;1;1;1;1;1;1;1;1;1;1;1;1;1;1;1;1;1;
39620000;1;01/02/2011;;1;1;13,5719;1,6588;4,2543;23;8;0;0;1;;0;2,9032;3,0895;2,9401;2,7939;1,6876;1,7458;1,7458;1,6876;1,7458;1,7458;1,7752;1,8049;1,7458;2,9032;3,281;3,6791;3,72;3,9276;4,9929;6,6398;7,7379;10,2832;13,032;7,7379;3,8857;5,6168;6,5341;7,7379;;;;1;1;1;1;1;1;1;1;1;1;1;1;1;1;1;1;1;1;1;1;1;1;1;1;1;1;1;1;0;0;0;
39620000;1;01/03/2011;;1;1;6,3769;1,2792;2,9592;1;26;0;0;1;;0;6,1188;4,3577;3,5174;2,9401;4,012;5,5187;5,229;4,8536;3,6383;2,8666;3,2423;3,3983;3,3199;2,3086;2,3086;2,6511;2,9032;2,9401;2,4772;2,3754;2,4092;2,4431;2,4431;1,3568;1,3307;1,3049;1,4908;1,7458;1,8347;1,9564;2,4431;1;1;1;1;1;1;1;1;1;1;1;1;1;1;1;1;1;1;1;1;1;1;1;1;1;1;1;1;1;1;1;
39620000;1;01/04/2011;;1;1;45,6466;1,7166;12,2645;29;2;0;0;1;;0;2,1453;2,0815;2,1775;2,1133;2,1133;2,1133;2,1775;2,1133;4,3138;10,8046;9,3992;8,1979;10,8869;9,3374;6,7462;6,2731;5,7654;6,7462;10,6409;30,8465;35,6824;39,3654;26,4431;8,9705;7,1795;7,3451;7,7948;13,2109;44,4189;40,5304;;1;1;1;1;1;1;1;1;1;1;1;1;1;1;1;1;1;1;1;1;1;1;1;1;1;1;1;1;1;1;0;
39620000;1;01/05/2011;;1;1;80,1886;7,5685;28,9405;5;18;0;0;1;;0;42,4551;42,6048;43,9622;54,4809;79,7938;74,5485;53,484;39,5102;34,1721;36,7988;39,8005;31,2377;21,0027;16,315;11,3024;10,2832;9,2144;7,7948;9,5233;12,5895;12,3273;11,3024;14,4928;31,2377;42,4551;35,4057;29,8139;18,1279;10,6409;9,8368;10,6409;1;1;1;1;1;1;1;1;1;1;1;1;1;1;1;1;1;1;1;1;1;1;1;1;1;1;1;1;1;1;1;
39620000;1;01/06/2011;;1;1;28,044;5,8654;11,9157;24;15;0;0;1;;0;10,6409;10,1547;9,7737;9,5233;9,3374;9,0921;9,2144;9,0312;9,1531;10,3477;11,4705;12,5018;10,1547;8,0818;5,9662;6,0678;6,0678;7,7379;10,7226;9,4612;9,1531;13,6628;18,3345;27,4234;23,7123;21,8899;20,1317;15,3442;12,6775;10,6409;;1;1;1;1;1;1;1;1;1;1;1;1;1;1;1;1;1;1;1;1;1;1;1;1;1;1;1;1;1;1;0;
39620000;1;01/07/2011;;1;1;59,4123;6,5868;20,3114;31;4;0;0;1;;0;9,5233;8,1398;7,4564;6,6929;6,9614;7,2897;7,5685;8,1398;8,8496;10,027;13,5719;18,1279;24,0611;28,6706;32,0265;35,5439;39,946;32,4242;27,4234;22,2268;41,4139;14,8686;16,1188;18,8554;20,1317;18,8554;18,3345;18,9604;19,3827;30,1993;57,8619;;;;;;;;;;;;;;;;;;;;;;;;;;;;;;;;
39620000;1;01/08/2011;;1;1;52,6594;6,7997;16,0339;1;12;0;0;1;;0;51,8405;40,2377;33,63;23,5966;12,6775;11,1354;9,4612;8,8496;8,4323;8,0818;7,4564;6,8534;7,2897;7,7379;7,909;7,8518;7,5685;7,5123;8,1398;9,3992;10,3477;17,5143;22,6794;26,3217;28,7967;31,107;26,2005;18,3345;12,5895;9,6482;7,8518;;;;;;;;;;;;;;;;;;;;;;;;;;;;;;;;
39620000;1;01/09/2011;;1;1;8,1398;6,0678;6,6748;20;29;0;0;1;;0;7,5123;6,8534;6,4291;6,6398;6,6398;6,5868;6,6398;6,5341;6,4291;6,4291;6,2215;6,3249;6,3769;6,5341;6,6398;6,4291;6,4291;6,3249;7,0701;7,9664;7,3451;6,8534;6,7462;6,8534;6,8534;6,8534;6,8534;6,5868;6,1701;6,1188;;1;1;1;1;1;1;1;1;1;1;1;1;1;1;1;1;1;1;1;1;1;1;1;1;1;1;1;1;1;1;0;
39620000;1;01/10/2011;;1;1;7,6812;3,5174;4,8738;26;20;0;0;1;;0;6,0169;6,1188;6,0169;5,9157;5,5677;5,1814;4,6705;4,5801;4,5801;4,4906;4,4906;4,4018;4,3138;4,4018;4,2266;3,9697;3,8024;3,72;3,6383;3,5575;3,6383;5,9157;5,8153;5,9157;6,5868;7,5685;6,5341;4,5353;3,72;3,6383;3,5575;1;1;1;1;1;1;1;1;1;1;1;1;1;1;1;1;1;1;1;1;1;1;1;1;1;1;1;1;1;1;1;
39620000;1;01/11/2011;;1;1;10,2189;2,8302;4,7674;6;29;0;0;1;;0;3,5978;3,5174;3,5575;3,3983;7,7379;9,7737;7,909;6,9614;6,6398;5,5187;5,2768;5,134;4,6705;4,5801;4,6252;4,4906;4,4018;4,5801;4,6705;4,7616;5,0397;5,0397;4,8998;4,6705;2,9401;3,0144;2,9401;2,8666;2,8666;2,9401;;1;1;1;1;1;1;1;1;1;1;1;1;1;1;1;1;1;1;1;1;1;1;1;1;1;1;1;1;1;1;0;
39620000;1;01/12/2011;;1;1;4,1833;2,21;2,9136;10;22;0;0;1;;0;2,9401;2,8666;2,7939;2,8666;2,7939;4,1401;4,0545;4,0545;4,0545;4,1401;4,1401;4,0545;3,8857;3,8857;2,3086;2,3754;2,3086;2,3754;2,3754;2,5116;2,3754;2,2755;2,2427;2,3086;2,3086;2,3086;2,3086;2,3754;2,3086;2,3086;2,2755;;;;;;;;;;;;;;;;;;;;;;;;;;;;;;;;
39620000;1;01/01/2012;;1;1;8,024;1,8347;3,3168;26;15;0;0;1;;0;2,1133;2,1775;2,1133;2,1453;2,1775;2,1133;2,1133;2,0499;1,9564;1,9256;1,8951;1,9256;1,9256;1,9256;1,8648;1,9256;1,9256;2,0499;2,9401;3,9276;4,6252;5,1814;6,5341;7,4564;7,909;7,9664;6,1188;4,3138;3,6791;3,0519;2,7939;1;1;1;1;1;1;1;1;1;1;1;1;1;1;1;1;1;1;1;1;1;1;1;1;1;1;1;1;1;1;1;
39620000;1;01/02/2012;;1;1;11,81;1,2286;3,4971;19;14;0;0;1;;0;2,8666;2,7939;2,8666;2,8666;2,7939;2,6511;2,4431;2,3086;2,3086;2,2427;2,2427;2,1453;1,2538;1,2538;1,2538;1,3832;2,3754;4,1833;11,6397;9,0921;7,7948;6,4815;5,0868;4,2701;3,6383;2,9771;2,7221;2,7221;2,7579;;;1;1;1;1;1;1;1;1;1;1;1;1;1;1;1;1;1;1;1;1;1;1;1;1;1;1;1;1;1;0;0;
39620000;1;01/03/2012;;1;1;5,47;1,7166;2,8091;6;26;0;0;1;;0;2,7939;2,7939;2,8666;3,4775;3,9276;5,229;5,3248;5,229;3,8439;2,8302;2,4092;2,3086;2,3086;2,3086;2,2427;2,1133;2,1775;2,1133;3,3983;3,3983;3,3983;2,5809;2,5116;2,5461;2,4772;1,7458;1,7458;1,7458;1,7458;1,7458;1,7458;1;1;1;1;1;1;1;1;1;1;1;1;1;1;1;1;1;1;1;1;1;1;1;1;1;1;1;1;1;1;1;
39620000;1;01/04/2012;;1;1;6,9073;1,4908;2,7493;4;25;0;0;1;;0;1,7752;2,3419;3,1274;6,6398;5,7157;4,5353;3,5174;2,5461;2,4092;2,2427;2,2427;2,2427;2,1133;2,1775;2,1775;2,8666;3,3983;3,3983;3,3983;3,3983;3,4775;3,4775;2,4092;1,5738;1,5182;1,5182;1,5182;1,5182;1,5738;1,6302;;1;1;1;1;1;1;1;1;1;1;1;1;1;1;1;1;1;1;1;1;1;1;1;1;1;1;1;1;1;1;0;
39620000;1;01/05/2012;;1;1;5,2768;1,2792;2,3224;31;21;0;0;1;;0;2,5809;2,5809;2,6159;2,6159;2,6865;2,8666;2,4092;1,8648;1,8648;1,7458;1,6302;1,6302;1,6876;1,8648;1,8648;1,8347;1,8951;1,8049;1,8049;1,8951;1,5459;1,6876;2,4431;2,6865;2,2427;2,2427;2,6865;2,4431;2,7939;4,8536;4,6252;1;1;1;1;1;1;1;1;1;1;1;1;1;1;1;1;1;1;1;1;1;1;1;1;1;1;1;1;1;1;1;
39620000;1;01/06/2012;;1;1;13,9371;1,9564;5,5868;27;5;0;0;1;;0;4,3577;4,0972;3,281;3,4378;2,9032;2,8666;2,7939;2,8666;2,9771;3,0144;2,1775;3,5978;6,1701;7,5123;9,2144;8,1398;5,134;3,9276;3,3199;3,2423;3,0144;3,0144;2,9401;4,2701;8,1398;12,6775;13,7539;12,943;11,9813;9,8368;;1;1;1;1;1;1;1;1;1;1;1;1;1;1;1;1;1;1;1;1;1;1;1;1;1;1;1;1;1;1;0;
39620000;1;01/07/2012;;1;1;38,5014;3,281;9,8373;3;26;0;0;1;;0;12,5018;21,223;37,9301;31,107;19,0656;12,6775;9,9634;7,909;5,7157;5,1814;4,6705;6,0678;10,0908;11,3024;9,6482;8,3735;8,6697;10,4772;14,029;7,5685;6,2215;5,5677;5,0397;4,6252;3,9276;3,3199;3,7611;4,4018;4,6705;4,6705;4,5801;1;1;1;1;1;1;1;1;1;1;1;1;1;1;1;1;1;1;1;1;1;1;1;1;1;1;1;1;1;1;1;
39620000;1;01/08/2012;;1;1;8,4914;2,7579;4,7414;21;9;0;0;1;;0;5,7654;7,1247;7,7948;6,5868;5,373;4,1401;2,8666;2,8666;2,8302;2,9032;2,9771;3,0144;4,0972;4,2701;4,3138;4,6705;5,0868;6,7997;5,9662;7,1247;8,3735;6,6929;4,8998;4,2701;3,7611;3,5575;3,8024;4,0545;3,8024;3,6383;3,5575;1;1;1;1;1;1;1;1;1;1;1;1;1;1;1;1;1;1;1;1;1;1;1;1;1;1;1;1;1;1;1;
39620000;1;01/09/2012;;1;1;4,0972;1,6019;2,5855;17;21;0;0;1;;0;3,6383;2,1133;2,0499;2,0499;1,9873;1,9873;2,0499;2,0815;2,1133;2,1775;3,6383;3,5575;3,6383;3,72;3,72;2,9771;2,9401;2,8666;1,8648;1,7458;1,6588;1,6302;1,6588;1,6876;2,9771;3,0519;3,0895;3,0144;2,9401;2,9401;;1;1;1;1;1;1;1;1;1;1;1;1;1;1;1;1;1;1;1;1;1;1;1;1;1;1;1;1;1;1;0;
39620000;1;01/10/2012;;1;1;4,5353;1,3832;1,9105;15;2;0;0;1;;0;2,8666;2,0185;1,4097;1,4635;1,4635;1,4097;1,4097;1,4635;1,9256;1,8951;1,9256;1,9873;1,9256;3,0519;4,4906;4,4906;1,5738;1,5459;1,5738;1,6019;1,5182;1,5738;1,5738;1,5738;1,5182;1,4635;1,4097;1,7458;1,8049;1,8049;1,7458;1;1;1;1;1;1;1;1;1;1;1;1;1;1;1;1;1;1;1;1;1;1;1;1;1;1;1;1;1;1;1;
39620000;1;01/11/2012;;1;1;3,281;0,5452;1,6054;11;19;0;0;1;;0;1,1543;1,1543;1,1059;1,1059;1,1543;1,1543;1,1059;1,2538;1,2792;1,3049;3,2423;3,2423;3,1274;1,7458;1,7166;1,6019;1,6019;1,4908;1,3832;0,8566;0,944;0,9891;0,944;0,9891;1,0351;2,1775;2,3419;2,3419;2,3086;2,3086;;1;1;1;1;1;1;1;1;1;1;1;1;1;1;1;1;1;1;1;1;1;1;1;1;1;1;1;1;1;1;0;
39620000;1;01/12/2012;;1;1;3,5174;0,6547;1,2511;10;27;0;0;1;;0;0,7526;0,7526;0,8143;0,7729;0,7729;0,7729;0,7729;0,7935;3,3983;3,4775;1,9564;1,8951;1,9564;1,8347;1,8347;0,7729;0,7326;0,7729;0,8781;0,8781;0,8353;0,7935;0,7526;1,4097;1,4097;1,4097;1,3307;1,3832;1,3832;0,7326;0,7526;1;1;1;1;1;1;1;1;1;1;1;1;1;1;1;1;1;1;1;1;1;1;1;1;1;1;1;1;1;1;1;
39620000;1;01/01/2013;;1;1;2,6159;0,7326;1,4549;14;21;0;0;1;;0;0,7935;0,7935;0,8998;1,012;1,0585;1,2036;1,8951;2,0185;2,1133;2,1133;2,0499;2,0499;2,2427;2,5461;2,4772;2,4092;2,4092;2,3419;1,4365;0,7729;0,7729;0,7526;1,13;1,1788;1,1059;1,1543;1,1543;0,8143;0,7935;0,7935;0,8143;;;;;;;;;;;;;;;;;;;;;;;;;;;;;;;;
39620000;1;01/02/2013;;1;1;1,4908;0,7729;1,2026;5;2;0;0;1;;0;0,7935;0,7935;0,8143;1,4635;1,4635;1,4097;1,4365;1,4635;1,4097;1,4365;0,9664;0,9664;0,9664;0,9664;0,9218;0,8566;0,8781;1,3568;1,3568;1,3568;1,3049;1,3049;1,3049;1,3568;1,3307;1,3307;1,3049;1,3568;;;;1;1;1;1;1;1;1;1;1;1;1;1;1;1;1;1;1;1;1;1;1;1;1;1;1;1;1;1;0;0;0;
39620000;1;01/03/2013;;1;1;3,9276;0,8566;2,1087;10;17;0;0;1;;0;1,3049;1,3049;1,3049;1,4365;1,9873;1,9873;3,4378;3,7611;3,8024;3,8857;3,8857;3,8024;1,8951;1,8951;1,3832;1,3832;0,8781;0,9218;0,9664;1,3049;1,4097;1,3049;1,3568;1,4635;2,4431;2,5116;2,4431;2,4431;2,5116;2,4772;2,4772;1;1;1;1;1;1;1;1;1;1;1;1;1;1;1;1;1;1;1;1;1;1;1;1;1;1;1;1;1;1;1;
39620000;1;01/05/2013;;1;1;24,1779;2,8305;8,2391;1;31;1;1;1;;0;24,1779;16,6114;8,1392;6,5866;5,9661;5,229;4,6253;4,3139;4,0974;4,6253;5,4214;7,0153;6,2213;5,5676;5,134;5,7156;8,3142;11,3024;15,4401;20,5652;17,616;11,7247;7,9085;5,0868;5,8153;6,3768;7,1244;7,8513;4,4907;3,5177;2,8305;1;1;1;1;1;1;1;1;1;1;1;1;1;1;1;1;1;1;1;1;1;1;1;1;1;1;1;1;1;1;1;
39620000;1;01/06/2013;;1;1;42,1565;2,8669;11,0202;14;1;1;1;1;;0;2,8669;4,0547;4,0974;4,1403;3,6386;3,5578;3,3985;5,229;8,7288;13,3007;18,025;20,2397;31,7626;42,1565;35,5439;27,1768;18,4382;13,6628;9,4603;7,6243;5,9156;5,8153;5,8153;5,6168;4,8999;4,4907;4,0974;4,4462;5,7654;6,6395;;1;1;1;1;1;1;1;1;1;1;1;1;1;1;1;1;1;1;1;1;1;1;1;1;1;1;1;1;1;1;0;
39620000;1;01/07/2013;;1;1;49,7375;4,0547;13,7137;4;31;1;1;1;;0;6,4813;4,6253;11,7247;49,7375;47,8303;27,1768;16,315;10,3465;7,0153;7,9085;8,7288;10,1536;14,6801;28,2939;34,8551;20,7834;8,2557;9,3983;10,6409;9,5847;8,3728;8,0813;7,2893;7,1792;7,456;7,9085;8,2557;8,4317;7,7943;5,7654;4,0547;1;1;1;1;1;1;1;1;1;1;1;1;1;1;1;1;1;1;1;1;1;1;1;1;1;1;1;1;1;1;1;
39620000;1;01/08/2013;;1;1;45,4923;4,2267;10,9651;19;31;1;1;1;;0;4,8536;7,0153;7,8513;7,1792;6,3248;6,2213;6,5339;6,6395;6,5339;6,4289;6,2213;5,9156;6,0168;6,5339;7,0153;8,7887;10,1536;27,4234;45,4923;43,8105;34,1721;15,6327;12,0674;9,7099;7,6243;5,4699;4,8536;4,4907;4,4019;4,3139;4,2267;1;1;1;1;1;1;1;1;1;1;1;1;1;1;1;1;1;1;1;1;1;1;1;1;1;1;1;1;1;1;1;
39620000;1;01/09/2013;;1;1;5,7654;2,4095;4,2256;12;26;1;1;1;;0;4,4019;4,5354;4,9463;4,6706;4,1403;3,9278;3,7202;3,5578;3,5177;4,0974;5,373;5,7654;5,6168;5,5187;5,4214;5,5187;5,7654;5,3248;5,134;4,8076;4,0547;3,6386;3,2812;2,9774;2,7942;2,4095;2,6514;2,8669;3,0898;3,2426;;1;1;1;1;1;1;1;1;1;1;1;1;1;1;1;1;1;1;1;1;1;1;1;1;1;1;1;1;1;1;0;
39620000;1;01/10/2013;;1;1;4,5354;1,8954;3,0556;18;10;1;1;1;;0;2,6162;2,5465;2,8305;2,9774;3,2812;3,5981;4,3578;1,9567;1,9567;1,8954;2,0188;2,2759;3,7613;3,7613;3,9278;4,2702;4,4462;4,5354;4,2702;3,9278;2,0188;2,0818;2,0818;2,0188;2,0188;2,0188;3,2812;3,438;3,438;3,5177;3,5981;1;1;1;1;1;1;1;1;1;1;1;1;1;1;1;1;1;1;1;1;1;1;1;1;1;1;1;1;1;1;1;
39620000;1;01/11/2013;;1;1;4,5803;1,7755;2,7963;4;25;1;1;1;;0;3,5578;3,6386;4,2702;4,5803;4,5803;4,5803;4,3578;2,8669;2,5465;2,1456;1,8954;2,0502;2,1779;2,9035;2,9774;2,8669;3,6793;2,5812;2,5465;2,5465;2,4775;1,8052;1,8052;1,8052;1,7755;1,7755;1,7755;1,8052;2,7582;2,7582;;1;1;1;1;1;1;1;1;1;1;1;1;1;1;1;1;1;1;1;1;1;1;1;1;1;1;1;1;1;1;0;
39620000;1;01/12/2013;;1;1;3,438;1,3572;1,7345;1;8;1;1;1;;0;3,438;2,8305;2,7224;2,6868;2,6514;2,6514;1,4101;1,3572;1,6879;1,6306;1,5462;1,6306;1,5741;1,5185;1,5741;1,4368;1,4101;1,4638;1,4101;1,4638;1,5185;1,4638;1,4101;1,4101;1,4101;1,4101;1,3572;1,3835;1,4368;1,4368;1,4368;1;1;1;1;1;1;1;1;1;1;1;1;1;1;1;1;1;1;1;1;1;1;1;1;1;1;1;1;1;1;1;
39620000;1;01/01/2014;;1;1;3,0147;0,8356;1,7461;30;21;1;1;1;;0;1,8651;1,8651;1,8351;1,8351;1,4368;1,0588;1,1062;1,0588;1,0123;1,0354;1,0354;2,5119;2,5119;2,5465;2,243;2,1779;2,1136;2,1779;0,8568;0,8783;0,8356;0,8783;0,9443;0,9001;0,8783;2,5119;2,5812;2,6868;2,7942;3,0147;2,9404;1;1;1;1;1;1;1;1;1;1;1;1;1;1;1;1;1;1;1;1;1;1;1;1;1;1;1;1;1;1;1;
39620000;1;01/02/2014;;1;1;3,8441;1,0824;2,2527;14;2;1;1;1;;0;2,8669;1,0824;1,1546;1,1546;1,2289;1,4368;1,5462;1,7755;3,3201;2,9774;3,2426;3,4777;3,7613;3,8441;3,8026;2,9404;3,0147;1,331;1,2541;1,1791;1,1791;1,2541;1,6879;1,7461;1,6591;3,0147;3,0147;3,1277;;;;1;1;1;1;1;1;1;1;1;1;1;1;1;1;1;1;1;1;1;1;1;1;1;1;1;1;1;1;0;0;0;
39620000;1;01/03/2014;;1;1;12,943;1,1062;3,9701;15;8;1;1;1;;0;3,1277;3,0522;1,2039;1,1546;1,2289;1,1546;1,1546;1,1062;1,1303;1,1546;1,2039;4,3578;9,4603;12,3273;12,943;9,0304;6,5866;3,4777;4,6253;7,0153;6,2213;4,6253;3,4777;3,0147;2,5465;2,3089;2,1456;1,9877;1,926;4,0974;4,2267;1;1;1;1;1;1;1;1;1;1;1;1;1;1;1;1;1;1;1;1;1;1;1;1;1;1;1;1;1;1;1;
39620000;1;01/04/2014;;1;1;13,9371;1,3835;3,4529;30;9;1;1;1;;0;2,8305;1,8351;1,7755;1,8351;1,8351;1,4368;1,4911;1,4911;1,3835;1,5462;1,6022;1,7169;3,2812;3,5177;3,7613;5,7654;4,6253;3,438;2,4095;1,8954;1,7169;1,6591;2,4775;5,7654;5,4699;4,6253;4,3578;5,9661;8,1392;13,9371;;1;1;1;1;1;1;1;1;1;1;1;1;1;1;1;1;1;1;1;1;1;1;1;1;1;1;1;1;1;1;0;
39620000;1;01/05/2014;;1;1;29,9421;3,2812;12,2356;3;21;1;1;1;;0;16,8102;23,481;29,9421;25,2398;21,8899;17,9224;15,6327;14,029;13,3007;10,3465;8,1392;6,3768;8,3142;10,9695;29,5581;23,8283;17,211;13,7539;10,282;6,907;3,2812;3,438;4,0122;7,568;6,746;5,7654;5,4214;5,373;5,0398;4,6706;4,0547;1;1;1;1;1;1;1;1;1;1;1;1;1;1;1;1;1;1;1;1;1;1;1;1;1;1;1;1;1;1;1;
39620000;1;01/06/2014;;1;1;25,7182;2,6514;6,2246;28;7;1;1;1;;0;3,8026;3,6386;3,1277;2,7942;2,6868;2,7582;2,6514;2,8305;2,7224;3,3592;3,3985;3,5177;3,4777;3,4777;4,0974;4,4019;4,8076;5,0398;4,9463;4,0974;3,7202;3,438;4,1403;4,8536;6,0676;7,568;24,1779;25,7182;21,6666;13,7539;;1;1;1;1;1;1;1;1;1;1;1;1;1;1;1;1;1;1;1;1;1;1;1;1;1;1;1;1;1;1;0;
39620000;1;01/07/2014;;1;1;15,058;3,7202;6,2533;29;8;1;1;1;;0;9,4603;5,0868;5,9661;6,6395;5,7654;4,6253;4,0974;3,7202;4,993;5,0398;5,0398;4,8999;4,8536;4,9463;5,134;5,134;5,4214;5,8153;6,4289;7,0698;6,2213;5,5676;4,6706;4,4907;4,5354;6,1187;8,3142;10,8046;15,058;11,1354;6,7995;1;1;1;1;1;1;1;1;1;1;1;1;1;1;1;1;1;1;1;1;1;1;1;1;1;1;1;1;1;1;1;
39620000;1;01/08/2014;;1;1;24,2949;2,5465;9,0524;12;5;;;1;;0;5,1814;4,0974;3,438;3,0147;2,5465;3,2812;4,4462;4,8536;7,3447;11,3024;22,7931;24,2949;21,8899;21,1127;20,2397;18,5421;15,5363;11,4705;8,0235;4,6253;5,9661;7,5119;6,8532;6,4289;6,2213;5,8153;5,3248;4,9463;4,6706;4,5803;4,2702;;;;;;;;;;;;;;;;;;;;;;;;;;;;;;;;
39620000;1;01/09/2014;;1;1;45,4923;2,5119;11,3265;14;3;1;1;1;;0;3,8026;3,1277;2,5119;2,5812;2,7224;3,2812;6,0168;25,8384;36,7988;21,7781;10,1536;16,315;22,0019;45,4923;40,8239;19,9164;6,6395;6,4289;6,9611;6,746;6,6395;6,4289;6,4289;6,0168;5,4214;4,8076;4,0974;3,7202;3,2812;3,0147;;1;1;1;1;1;1;1;1;1;1;1;1;1;1;1;1;1;1;1;1;1;1;1;1;1;1;1;1;1;1;0;
39620000;1;01/10/2014;;1;1;42,0075;2,7224;10,9002;10;1;1;1;1;;0;2,7224;2,9404;3,1277;3,5981;4,0974;13,9371;35,1299;41,266;25,8384;42,0075;36,2387;26,5648;6,6927;6,5339;6,4289;6,1699;6,3248;6,5339;6,0676;5,6168;5,5676;5,7156;5,8153;5,8153;5,3248;4,6706;4,3139;3,9278;3,438;2,7582;2,7224;1;1;1;1;1;1;1;1;1;1;1;1;1;1;1;1;1;1;1;1;1;1;1;1;1;1;1;1;1;1;1;
39620000;1;01/11/2014;;1;1;5,8654;2,0818;3,2855;6;16;0;0;1;;0;2,5812;4,5803;4,6706;4,9463;4,9463;5,0398;4,3578;4,4907;2,9404;3,0147;3,0147;2,7942;2,7224;2,243;2,1779;2,8305;2,8305;2,8305;2,9404;2,8669;2,7942;2,7942;3,8026;3,4777;2,9035;2,6868;2,7582;2,8669;2,8669;2,7942;;1;1;1;1;1;1;1;1;1;1;1;1;1;1;1;1;1;1;1;1;1;1;1;1;1;1;1;1;1;1;0;
39620000;1;01/12/2014;;1;1;6,4289;1,8651;2,991;5;29;1;1;1;;0;2,5119;2,8305;3,7202;4,2702;6,4289;6,3248;2,6514;2,5812;2,3758;2,3089;2,3089;2,3758;2,3089;2,4095;2,5119;2,4775;2,4775;2,4775;2,4095;2,3422;4,0547;3,9699;3,7202;3,3592;3,3592;3,3201;3,2812;1,8954;1,8651;1,926;1,8651;1;1;1;1;1;1;1;1;1;1;1;1;1;1;1;1;1;1;1;1;1;1;1;1;1;1;1;1;1;1;1;
39620000;1;01/01/2015;;1;1;4,2267;1,4368;2,0332;25;17;1;1;1;;0;1,926;1,9877;2,7224;3,6386;2,4434;1,6591;1,6879;1,6879;1,5462;1,4638;1,4911;1,5462;1,4911;1,4638;1,4638;1,4911;1,4368;1,4638;1,4911;1,5185;1,5185;1,4911;1,4911;1,4368;4,2267;4,0547;2,5465;2,5465;2,6514;2,7224;2,7224;1;1;1;1;1;1;1;1;1;1;1;1;1;1;1;1;1;1;1;1;1;1;1;1;1;1;1;1;1;1;1;
39620000;1;01/02/2015;;1;1;4,8076;1,331;2,5256;18;8;1;1;1;;0;2,9035;3,2041;3,2041;3,2812;3,2041;3,1277;3,0522;1,331;1,331;1,3835;1,4368;1,5462;1,4911;1,6022;1,6591;1,6022;1,7169;4,8076;4,6253;3,5981;2,9774;2,2759;2,3422;2,5465;2,5465;2,6162;2,6162;2,6868;;;;1;1;1;1;1;1;1;1;1;1;1;1;1;1;1;1;1;1;1;1;1;1;1;1;1;1;1;1;0;0;0;
39620000;1;01/03/2015;;1;1;11,0523;1,8651;3,6022;10;29;1;1;1;;0;2,5812;2,5119;2,3089;2,243;2,3089;2,5465;3,1658;4,3578;7,7943;11,0523;7,7374;4,2267;4,2267;4,1403;4,1403;4,1403;4,1403;4,0122;4,0974;4,0547;4,0547;2,1779;2,1136;2,0502;2,0502;1,9877;1,9877;1,926;1,8651;1,8651;3,8026;1;1;1;1;1;1;1;1;1;1;1;1;1;1;1;1;1;1;1;1;1;1;1;1;1;1;1;1;1;1;1;
39620000;1;01/04/2015;;1;1;3,7202;1,1791;2,2943;1;26;1;1;1;;0;3,7202;3,6386;3,7202;3,7202;1,4638;1,5185;1,5741;1,5185;1,4638;1,4638;1,4101;3,3985;3,3201;3,2426;3,2426;3,3201;3,3201;3,3201;3,2426;2,7942;2,7224;1,4638;1,4101;1,4638;1,4101;1,1791;1,1791;1,1791;1,2039;1,2039;;1;1;1;1;1;1;1;1;1;1;1;1;1;1;1;1;1;1;1;1;1;1;1;1;1;1;1;1;1;1;0;
39620000;1;01/05/2015;;1;1;4,6706;1,5185;2,5175;5;21;1;1;1;;0;3,8026;3,8026;4,4907;4,5803;4,6706;1,8651;1,6879;1,6306;1,6306;1,6306;1,6306;1,6879;1,6306;1,5741;1,5741;1,5741;4,4019;4,2702;4,2702;2,6868;1,5185;1,5741;1,5741;2,1779;2,1136;2,243;2,243;2,3089;2,3089;2,3758;2,5119;1;1;1;1;1;1;1;1;1;1;1;1;1;1;1;1;1;1;1;1;1;1;1;1;1;1;1;1;1;1;1;
39620000;1;01/06/2015;;1;1;40,3839;2,9774;10,1254;29;6;1;1;1;;0;4,5803;4,5803;3,2426;3,2041;3,0147;2,9774;4,4907;4,1834;4,5354;4,4907;3,7613;4,0974;4,4462;5,1814;6,6927;7,9085;6,3248;4,993;4,4019;4,6706;5,1814;5,5187;5,9661;8,3142;16,315;37,6459;30,4574;25,1208;40,3839;37,0802;;1;1;1;1;1;1;1;1;1;1;1;1;1;1;1;1;1;1;1;1;1;1;1;1;1;1;1;1;1;1;0;
39620000;1;01/07/2015;;1;1;59,5857;5,0398;19,331;5;11;1;1;1;;0;26,6867;31,2377;25,1208;33,3604;59,5857;58,3767;45,1845;24,5296;17,616;7,456;5,0398;6,6395;6,9611;6,4813;8,0813;8,1392;8,55;9,5847;8,669;7,6808;7,2893;9,3983;14,1212;27,1768;18,3345;14,029;11,8955;13,6628;16,315;24,4121;37,6459;1;1;1;1;1;1;1;1;1;1;1;1;1;1;1;1;1;1;1;1;1;1;1;1;1;1;1;1;1;1;1;
39620000;1;01/08/2015;;1;1;34,718;4,9463;9,3451;1;10;1;1;1;;0;34,718;29,5581;20,5652;10,8869;6,4813;5,7654;5,2768;5,229;5,0398;4,9463;5,6168;6,1187;6,8532;7,5119;7,7374;9,5224;12,2404;9,7727;7,9085;7,4003;8,7887;10,8869;8,4908;5,8654;5,6168;5,6168;5,9661;6,4813;6,9611;7,7374;8,1392;1;1;1;1;1;1;1;1;1;1;1;1;1;1;1;1;1;1;1;1;1;1;1;1;1;1;1;1;1;1;1;
39620000;1;01/09/2015;;1;1;7,6808;2,7942;3,8741;1;15;1;1;1;;0;7,6808;6,8532;6,2213;4,4907;3,7202;3,3201;3,5578;3,8026;4,0547;4,0547;4,0547;4,0547;4,1403;4,0547;2,7942;2,8669;2,8669;2,9404;2,9404;3,0522;3,0147;2,9404;2,8669;3,7613;3,6793;3,6386;3,6386;3,6386;3,7202;3,8026;;1;1;1;1;1;1;1;1;1;1;1;1;1;1;1;1;1;1;1;1;1;1;1;1;1;1;1;1;1;1;0;
39620000;1;01/10/2015;;1;1;4,0974;1,2795;2,4179;12;31;1;1;1;;0;3,8859;3,8026;3,7202;1,8651;1,8651;1,8351;1,8954;1,8651;1,8351;1,8954;4,0547;4,0974;4,0122;3,9278;3,8441;3,9278;3,8441;1,8651;1,8651;1,8651;1,8651;1,8651;1,8651;1,8651;1,8954;1,3052;1,3052;1,3052;1,331;1,3052;1,2795;1;1;1;1;1;1;1;1;1;1;1;1;1;1;1;1;1;1;1;1;1;1;1;1;1;1;1;1;1;1;1;
39620000;1;01/11/2015;;1;1;3,9278;1,1546;2,2527;24;28;1;1;1;;0;2,5119;2,4775;2,5465;2,5119;2,5119;2,5119;2,5119;2,5119;3,2426;3,2812;3,2426;3,2426;3,3201;3,3201;1,5185;1,5185;1,331;1,2795;1,2289;1,2039;1,2039;1,1791;1,2289;3,9278;3,2812;2,7224;2,6514;1,1546;1,2039;1,2039;;1;1;1;1;1;1;1;1;1;1;1;1;1;1;1;1;1;1;1;1;1;1;1;1;1;1;1;1;1;1;0;
39620000;1;01/12/2015;;1;1;2,9404;0,7529;1,8362;26;6;1;1;1;;0;1,1546;1,1062;1,0123;0,8783;0,7937;0,7529;0,7529;0,8356;1,926;1,9877;1,926;1,9877;1,9877;1,9877;1,9877;1,926;1,926;1,8954;1,9877;2,0502;2,1779;2,1456;2,0502;2,0502;2,1136;2,9404;2,8669;2,6514;2,5119;2,3089;2,243;1;1;1;1;1;1;1;1;1;1;1;1;1;1;1;1;1;1;1;1;1;1;1;1;1;1;1;1;1;1;1;
39620000;1;01/01/2016;;1;1;11,9813;1,1062;4,9675;12;7;1;1;1;;0;1,3572;1,2541;1,1546;1,2039;1,1546;1,1546;1,1062;1,1062;1,6306;2,6868;6,907;11,9813;9,7099;8,2557;6,2213;3,9278;3,2426;2,5119;8,8489;10,8869;11,8955;10,282;9,899;9,0913;6,7995;4,4462;3,438;2,7942;2,9404;3,0147;3,0898;1;1;1;1;1;1;1;1;1;1;1;1;1;1;1;1;1;1;1;1;1;1;1;1;1;1;1;1;1;1;1;
39620000;1;01/02/2016;;1;1;15,6327;1,5185;3,6404;17;13;1;1;1;;0;3,2812;3,0898;3,0147;3,0147;2,9404;2,9035;2,7942;1,6306;1,5741;1,6022;1,6306;1,6022;1,5185;1,5741;1,6306;13,3007;15,6327;10,282;4,8536;3,9278;3,2812;2,8669;2,5812;2,6514;2,5119;2,5465;2,5119;2,5119;2,3089;;;1;1;1;1;1;1;1;1;1;1;1;1;1;1;1;1;1;1;1;1;1;1;1;1;1;1;1;1;1;0;0;
39620000;1;01/03/2016;;1;1;34,9924;1,1546;4,2983;30;23;1;1;1;;0;1,3572;1,4101;1,3572;1,4101;1,4101;1,3572;2,6162;2,5465;2,5119;2,5812;2,5812;2,5119;2,5465;2,7224;2,4775;2,6514;2,8669;3,2812;3,3201;3,2426;3,2426;1,2039;1,1546;1,1546;1,1546;1,2039;2,3089;2,3758;2,9774;34,9924;34,718;1;1;1;1;1;1;1;1;1;1;1;1;1;1;1;1;1;1;1;1;1;1;1;1;1;1;1;1;1;1;1;
39620000;1;01/04/2016;;1;1;30,0706;1,8651;12,9629;25;12;1;1;1;;0;25,1208;23,8283;22,6794;21,4443;15,6327;11,4705;8,4908;5,1814;4,2267;2,4434;2,3758;1,8651;1,926;2,4775;2,9774;5,5676;6,9611;6,0168;7,1244;7,9659;9,3365;10,8046;15,7294;24,0611;30,0706;26,5648;21,8899;18,4382;21,3335;24,8836;;1;1;1;1;1;1;1;1;1;1;1;1;1;1;1;1;1;1;1;1;1;1;1;1;1;1;1;1;1;1;0;
39620000;1;01/05/2016;;1;1;33,4951;2,0188;10,264;30;24;1;1;1;;0;19,2768;16,4136;14,029;13,4812;13,032;13,4812;14,3065;14,3995;14,7742;14,5863;14,9632;12,3273;10,9695;7,9085;4,4462;4,6706;5,229;5,3248;4,6706;4,5803;4,4462;4,0974;3,1277;2,0188;2,2759;4,0547;3,8026;3,4777;3,2812;33,4951;31,2377;1;1;1;1;1;1;1;1;1;1;1;1;1;1;1;1;1;1;1;1;1;1;1;1;1;1;1;1;1;1;1;
39620000;1;01/06/2016;;1;1;30,4574;3,2812;9,2313;5;13;1;1;1;;0;29,5581;24,4121;17,1104;19,3827;30,4574;28,2939;15,6327;10,6409;5,7654;4,6253;3,9278;3,5981;3,2812;3,3201;3,3985;3,4777;3,3985;3,7613;4,4462;5,9661;5,7654;6,2213;6,0168;5,8654;5,7156;5,373;4,6706;4,4462;4,2702;4,1403;;1;1;1;1;1;1;1;1;1;1;1;1;1;1;1;1;1;1;1;1;1;1;1;1;1;1;1;1;1;1;0;
39620000;1;01/07/2016;;1;1;7,6243;2,4775;5,0043;15;28;1;1;1;;0;4,6253;5,9661;6,6395;6,4289;6,4289;5,7654;5,6168;4,6253;4,6706;5,1814;5,7654;6,1699;6,5866;7,2342;7,6243;7,2342;6,9611;6,5339;5,7654;5,373;4,8076;4,0547;3,8026;3,1277;2,8305;2,5119;2,5119;2,4775;2,5812;2,5812;2,6514;1;1;1;1;1;1;1;1;1;1;1;1;1;1;1;1;1;1;1;1;1;1;1;1;1;1;1;1;1;1;1;
39620000;1;01/08/2016;;1;1;4,6253;1,4638;2,7592;3;21;1;1;1;;0;2,7942;4,5803;4,6253;4,4907;4,4907;2,5465;2,5119;2,5812;2,5119;3,2426;3,3201;2,6162;2,6162;2,5812;2,5119;2,5465;2,5812;2,6162;2,6162;2,5812;1,4638;1,4638;1,4638;1,4638;1,4638;1,5185;1,6022;3,2426;3,2812;3,5981;4,0122;1;1;1;1;1;1;1;1;1;1;1;1;1;1;1;1;1;1;1;1;1;1;1;1;1;1;1;1;1;1;1;
39620000;1;01/09/2016;;1;1;19,2768;1,3052;3,5833;4;22;1;1;1;;0;7,2342;7,9085;6,7995;19,2768;3,3201;2,9774;2,1779;2,0502;2,0502;2,0502;2,0188;1,8651;2,5465;2,9774;3,8026;4,0547;4,0974;4,0122;2,7224;1,8954;1,9567;1,3052;1,331;1,3572;1,331;2,3422;2,3089;3,2426;3,2812;3,2041;;1;1;1;1;1;1;1;1;1;1;1;1;1;1;1;1;1;1;1;1;1;1;1;1;1;1;1;1;1;1;0;
39620000;1;01/10/2016;;1;1;4,1403;0,8356;2,4029;13;12;1;1;1;;0;3,3201;2,3089;2,2103;2,1779;1,6879;1,331;0,9667;0,922;0,8783;0,8568;0,8783;0,8356;4,1403;4,0547;4,1403;4,0547;2,5119;2,5812;2,5465;2,5119;2,5812;2,7224;2,8305;1,3572;1,3052;3,0147;2,9404;2,9404;3,3201;3,3201;3,2426;1;1;1;1;1;1;1;1;1;1;1;1;1;1;1;1;1;1;1;1;1;1;1;1;1;1;1;1;1;1;1;
39620000;1;01/11/2016;;1;1;3,3201;1,0824;1,974;1;25;1;1;1;;0;3,3201;3,2426;3,2812;3,2812;3,3201;2,243;2,243;2,1136;2,1779;2,1136;2,1136;2,0502;1,8052;1,7461;1,7169;1,6879;1,6591;1,5741;1,1062;1,1546;1,1546;1,1546;1,1546;1,1303;1,0824;1,1062;2,1456;2,1456;2,0818;2,1136;;1;1;1;1;1;1;1;1;1;1;1;1;1;1;1;1;1;1;1;1;1;1;1;1;1;1;1;1;1;1;0;
39620000;2;01/12/2002;;1;1;;;;;;0;0;0;;0;;;;;;;;;;;;;;;;;;;;;2,686489;2,546145;2,477228;2,409152;2,409152;2,409152;2,409152;2,341918;2,409152;2,757911;2,977149;0;0;0;0;0;0;0;0;0;0;0;0;0;0;0;0;0;0;0;0;;;;;;;;;;;;
39620000;2;01/01/2003;;1;1;6,907312;1,834724;2,62746;31;20;1;1;1;;0;3,203793;3,051877;2,686489;2,409152;2,081465;1,895113;2,409152;2,1453;2,081465;1,956369;2,1453;2,081465;2,081465;2,409152;2,546145;2,477228;2,477228;2,409152;2,275529;1,834724;2,275529;2,081465;2,1453;2,209989;2,275529;2,409152;2,477228;2,830164;3,437783;6,17006;6,481504;;;;;;;;;;;;;;;;;;;;;;;;;;;;;;;;
39620000;2;01/02/2003;;1;1;11,00233;2,1453;3,457512;26;12;1;1;1;;0;4,446076;3,927571;3,597829;3,203793;2,830164;2,757911;2,757911;2,6159;2,477228;2,830164;2,409152;2,1453;2,757911;3,679061;3,517402;3,203793;3,358974;3,358974;2,977149;2,830164;2,903244;2,757911;2,757911;2,686489;2,477228;10,34765;6,481504;4,715972;;;;;;;;;;;;;;;;;;;;;;;;;;;;;;;;0;0;;
39620000;2;01/03/2003;;1;1;8,729484;2,081465;4,081248;18;13;0;0;1;;0;4,357682;4,807503;4,357682;3,719978;2,903244;2,940093;3,280977;2,722096;2,341918;2,308618;2,443085;2,275529;2,177538;2,511582;2,940093;3,802415;5,324812;7,79477;5,715696;5,086765;4,054521;3,437783;4,715972;8,139783;7,234531;5,518719;4,226569;3,802415;3,679061;3,969688;3,927571;1;1;1;1;1;1;1;1;1;1;1;1;1;1;1;1;1;1;1;1;1;1;1;1;1;1;1;1;1;1;1;
39620000;2;01/04/2003;;1;1;4,715972;1,956369;3,231548;3;10;0;0;1;;0;3,802415;3,280977;4,31378;2,903244;2,757911;2,546145;3,127426;2,409152;2,209989;2,177538;2,580918;2,1453;2,477228;3,242283;3,719978;3,885652;3,437783;3,242283;3,517402;4,183259;3,358974;3,843934;3,761096;3,597829;3,319874;3,719978;3,203793;2,940093;3,802415;3,437783;;1;1;1;1;1;1;1;1;1;1;1;1;1;1;1;1;1;1;1;1;1;1;1;1;1;1;1;1;1;1;;
39620000;2;01/05/2003;;1;1;17,81998;1,834724;3,953907;4;25;0;0;1;;0;3,843934;4,76164;9,031177;17,21103;4,357682;3,927571;3,802415;3,358974;3,089549;3,242283;3,242283;3,203793;2,546145;2,546145;2,903244;3,203793;2,940093;3,761096;3,280977;3,280977;3,051877;3,203793;3,051877;3,517402;2,341918;3,358974;3,802415;3,242283;2,940093;3,127426;3,398277;1;1;1;1;1;1;1;1;1;1;1;1;1;1;1;1;1;1;1;1;1;1;1;1;1;1;1;1;1;1;1;
39620000;2;01/06/2003;;1;1;53,64958;2,209989;8,902449;17;21;1;1;1;;0;2,830164;2,830164;3,280977;3,203793;3,437783;3,679061;4,807503;7,015638;5,865437;8,139783;7,909038;5,086765;4,357682;4,012005;13,75392;24,17787;36,23872;44,11422;34,03623;9,214372;3,679061;3,280977;3,761096;3,597829;4,183259;4,446076;4,097235;4,097235;3,927571;4,012005;;1;1;1;1;1;1;1;1;1;1;1;1;1;1;1;1;1;1;1;1;1;1;1;1;1;1;1;1;1;1;;
39620000;2;01/07/2003;;1;1;8,610081;3,358974;4,690587;13;1;0;0;1;;0;3,597829;3,802415;3,477491;4,097235;3,927571;5,276816;5,966218;6,799734;5,039736;4,899813;4,535257;5,915732;7,568451;6,586829;5,715696;4,097235;4,401781;4,490569;3,927571;4,580142;3,843934;3,843934;4,31378;4,054521;4,446076;4,580142;4,535257;4,446076;4,012005;4,226569;4,401781;1;1;1;1;1;1;1;1;1;1;1;1;1;1;1;1;1;1;1;1;1;1;1;1;1;1;1;1;1;1;1;
39620000;2;01/08/2003;;1;1;19,48897;2,977149;4,818338;17;23;0;0;1;;0;3,843934;4,097235;4,270075;4,097235;4,31378;4,270075;4,054521;3,885652;4,270075;4,012005;4,946259;4,715972;4,490569;4,012005;3,927571;3,679061;12,943;10,02701;4,715972;4,715972;4,446076;3,127426;3,01441;5,039736;6,016893;5,469954;4,992901;4,625223;4,097235;4,6705;4,580142;1;1;1;1;1;1;1;1;1;1;1;1;1;1;1;1;1;1;1;1;1;1;1;1;1;1;1;1;1;1;1;
39620000;2;01/09/2003;;1;1;28,04397;2,903244;6,220705;7;22;1;1;1;;0;3,927571;3,761096;3,517402;5,373;11,63969;22,79315;26,07954;13,03204;6,586829;4,899813;5,469954;6,273118;5,666164;5,567676;5,966218;4,535257;4,270075;3,761096;3,280977;3,597829;3,358974;2,977149;3,843934;3,927571;4,097235;3,761096;4,097235;3,761096;3,517402;3,280977;;1;1;1;1;1;1;1;1;1;1;1;1;1;1;1;1;1;1;1;1;1;1;1;1;1;1;1;1;1;1;;
39620000;2;01/10/2003;;1;1;5,373;1,895113;3,44275;25;17;0;0;1;;0;2,977149;2,8666;3,051877;2,757911;2,830164;3,557514;4,054521;4,097235;3,557514;3,969688;3,679061;3,719978;2,580918;2,977149;2,8666;3,127426;1,98732;2,511582;3,127426;4,012005;4,580142;4,054521;4,270075;4,490569;4,899813;4,946259;3,802415;3,01441;2,511582;2,793934;3,051877;1;1;1;1;1;1;1;1;1;1;1;1;1;1;1;1;1;1;1;1;1;1;1;1;1;1;1;1;1;1;1;
39620000;2;01/11/2003;;1;1;4,446076;1,775203;2,845046;16;11;0;0;1;;0;2,6159;3,557514;2,977149;2,757911;3,051877;3,319874;3,01441;2,8666;2,081465;2,793934;2,757911;3,051877;2,793934;2,830164;3,127426;4,012005;2,242653;2,308618;2,209989;2,580918;2,793934;2,308618;2,443085;2,903244;2,8666;2,8666;3,089549;3,242283;3,127426;2,757911;;1;1;1;1;1;1;1;1;1;1;1;1;1;1;1;1;1;1;1;1;1;1;1;1;1;1;1;1;1;1;;
39620000;2;01/12/2003;;1;1;4,012005;1,834724;2,834807;12;31;0;0;1;;0;2,757911;2,443085;2,242653;2,018487;2,443085;2,242653;2,722096;3,398277;3,319874;3,01441;3,477491;3,802415;3,761096;2,793934;2,830164;3,051877;2,477228;2,409152;3,127426;2,511582;2,722096;3,127426;3,319874;3,437783;3,089549;3,280977;3,089549;2,6159;2,308618;2,177538;1,86481;1;1;1;1;1;1;1;1;1;1;1;1;1;1;1;1;1;1;1;1;1;1;1;1;1;1;1;1;1;1;1;
39620000;2;01/01/2004;;1;1;35,1;0,814;8,04;19;1;1;1;1;;0;1,18;1,78;1,83;2,02;2,21;2,34;3,01;2,83;2,44;2,38;2,08;1,93;2,08;2,15;2,24;1,9;2,28;8,2;34,6;30,6;5,37;9,21;7,51;6,27;8,02;8,73;10,6;17,1;20,6;21,7;24,2;1;1;1;1;1;1;1;1;1;1;1;1;1;1;1;1;1;1;1;1;1;1;1;1;1;1;1;1;1;1;1;
39620000;2;01/02/2004;;1;1;55,99129;2,341918;11,95787;3;14;0;0;1;;0;29,30335;42,45512;44,72442;41,41386;36,23872;36,79877;27,67089;10,21886;7,456402;5,039736;4,097235;3,802415;2,686489;2,65109;3,398277;3,557514;4,012005;3,679061;3,638344;4,31378;4,226569;3,761096;3,557514;3,517402;3,165507;2,903244;2,793934;2,8666;2,830164;;;1;1;1;1;1;1;1;1;1;1;1;1;1;1;1;1;1;1;1;1;1;1;1;1;1;1;1;1;1;0;;
39620000;2;01/03/2004;;1;1;10,09078;2,477228;4,141231;8;1;0;0;1;;0;2,8666;3,127426;3,089549;3,319874;4,097235;4,580142;8,314771;9,523318;7,234531;4,76164;3,969688;4,446076;6,118814;5,616824;4,357682;4,401781;4,183259;3,969688;3,719978;3,477491;3,761096;3,280977;3,319874;3,127426;2,903244;2,940093;2,830164;2,830164;2,793934;2,511582;2,903244;1;1;1;1;1;1;1;1;1;1;1;1;1;1;1;1;1;1;1;1;1;1;1;1;1;1;1;1;1;1;1;
39620000;2;01/04/2004;;1;1;40,23774;2,341918;6,71014;16;4;0;0;1;;0;3,051877;2,830164;2,65109;2,6159;2,686489;2,977149;2,8666;3,127426;3,319874;3,319874;3,280977;3,398277;3,398277;8,909953;11,05228;37,36258;38,78849;17,81998;4,097235;3,638344;3,319874;3,437783;3,719978;3,927571;4,31378;3,843934;3,969688;4,946259;4,535257;4,097235;;1;1;1;1;1;1;1;1;1;1;1;1;1;1;1;1;1;1;1;1;1;1;1;1;1;1;1;1;1;1;;
39620000;2;01/05/2004;;1;1;7,456402;2,081465;3,793374;22;30;0;0;1;;0;3,885652;3,638344;3,437783;3,477491;3,358974;3,127426;3,089549;3,319874;2,940093;3,242283;3,398277;3,885652;3,927571;3,761096;3,638344;3,398277;3,242283;2,977149;3,927571;4,226569;6,118814;6,534073;6,586829;5,616824;4,625223;3,885652;3,242283;3,165507;2,686489;2,546145;2,686489;1;1;1;1;1;1;1;1;1;1;1;1;1;1;1;1;1;1;1;1;1;1;1;1;1;1;1;1;1;1;1;
39620000;2;01/06/2004;;1;1;50,70339;4,012005;29,23508;18;9;0;0;1;;0;21,88992;40,09177;23,13597;8,314771;18,02502;7,681241;7,512333;4,807503;4,270075;4,715972;4,401781;15,53627;26,32168;41,11844;44,41886;45,80109;44,57152;48,30406;43,96224;43,50769;46,577;48,14592;43,81049;24,88361;20,23965;23,13597;39,3654;43,2058;43,96224;45,33829;;1;1;1;1;1;1;1;1;1;1;1;1;1;1;1;1;1;1;1;1;1;1;1;1;1;1;1;1;1;1;;
39620000;2;01/07/2004;;1;1;52,65942;4,012005;21,21527;10;21;0;0;1;;0;19,17105;12,6775;19,91641;30,58688;28,29391;25,23981;21,44432;31,49966;37,36258;49,41741;22,33953;21,66662;27,91936;29,55812;14,49279;26,20049;34,58118;31,63102;24,41213;8,909953;6,907312;5,666164;4,446076;6,067759;7,737913;9,836776;10,64089;9,461167;17,61597;29,81387;32,15884;1;1;1;1;1;1;1;1;1;1;1;1;1;1;1;1;1;1;1;1;1;1;1;1;1;1;1;1;1;1;1;
39620000;2;01/08/2004;;1;1;29,30335;8,912568;19,42732;1;27;0;0;1;;0;27,91936;25,4785;22,45256;20,78345;15,6327;22,67937;26,56479;26,68671;23,25075;13,84535;15,34418;25,59822;23,82834;22,00195;19,70218;20,89296;26,80888;26,56479;18,75074;11,3024;13,84535;16,31504;21,00273;17,61597;16,61137;16,02104;11,98131;13,84535;13,21091;13,03204;12,6775;1;1;1;1;1;1;1;1;1;1;1;1;1;1;1;1;1;1;1;1;1;1;1;1;1;1;1;1;1;1;1;
39620000;2;01/09/2004;;1;1;16,81022;5,865437;11,78044;24;30;0;0;1;;0;9,461167;8,024042;14,49279;13,48122;11,98131;10,96946;12,76573;11,55496;13,12134;14,58634;13,30075;12,6775;14,39951;14,49279;14,58634;13,66276;13,21091;13,39085;12,943;11,3024;10,88691;13,48122;15,34418;11,63969;8,197928;8,610081;8,849615;7,909038;7,28972;6,799734;;;;;;;;;;;;;;;;;;;;;;;;;;;;;;;;;
39620000;2;01/10/2004;;1;1;6,907312;3,203793;4,528453;1;19;0;0;1;;0;5,915732;4,85356;4,054521;4,054521;4,140148;4,226569;4,625223;4,183259;4,226569;4,183259;4,899813;5,469954;5,715696;6,221494;5,324812;4,715972;4,6705;4,140148;3,638344;3,719978;3,517402;3,761096;3,802415;4,625223;4,946259;5,086765;4,625223;4,357682;4,226569;4,183259;4,270075;;;;;;;;;;;;;;;;;;;;;;;;;;;;;;;;
39620000;2;01/11/2004;;1;1;5,567676;2,477228;3,418902;13;16;0;0;1;;0;3,597829;3,127426;3,165507;3,089549;3,242283;3,477491;3,761096;4,097235;4,183259;4,054521;3,927571;3,843934;4,76164;4,580142;4,270075;2,903244;2,722096;2,793934;2,940093;3,01441;2,8666;2,8666;2,940093;3,679061;3,557514;3,398277;3,358974;2,8666;2,757911;2,722096;;;;;;;;;;;;;;;;;;;;;;;;;;;;;;;;;
39620000;2;01/12/2004;;1;1;3,437783;2,081465;2,568452;11;20;0;0;1;;0;2,686489;2,830164;2,722096;2,443085;2,511582;2,580918;2,511582;2,6159;3,203793;3,280977;3,358974;3,242283;3,127426;3,01441;2,940093;2,443085;2,511582;2,375429;2,242653;2,209989;2,209989;2,242653;2,242653;2,242653;2,275529;2,209989;2,275529;2,275529;2,177538;2,275529;2,341918;1;1;1;1;1;1;1;1;1;1;1;1;1;1;1;1;1;1;1;1;1;1;1;1;1;1;1;1;1;1;1;
39620000;2;01/01/2005;;1;1;4,097235;1,775203;2,343649;11;31;0;0;1;;0;2,242653;2,242653;2,308618;2,308618;2,209989;2,1453;2,242653;2,242653;3,127426;3,203793;3,280977;3,280977;2,546145;2,546145;2,177538;2,049869;1,956369;2,177538;2,081465;2,081465;2,081465;2,443085;2,443085;2,409152;2,477228;2,308618;2,113276;2,049869;2,113276;1,956369;1,804855;;;;;;;;;;;;;;;;;;;;;;;;;;;;;;;;
39620000;2;01/02/2005;;1;1;4,807503;1,775203;2,598896;11;2;0;0;1;;0;1,86481;1,804855;1,98732;2,113276;2,341918;2,686489;2,793934;2,511582;2,409152;2,546145;3,557514;3,089549;2,65109;2,477228;2,477228;2,375429;2,477228;2,580918;3,280977;3,01441;3,165507;2,940093;2,8666;2,8666;2,793934;2,375429;2,477228;2,242653;;;;;;;;;;;;;;;;;;;;;;;;;;;;;;;;0;0;;
39620000;2;01/03/2005;;1;1;3,597829;1,60189;2,297647;28;11;0;0;1;;0;2,113276;1,98732;2,081465;2,113276;2,177538;2,275529;2,308618;2,409152;3,01441;2,477228;2,477228;2,308618;2,341918;1,74577;1,68756;1,925633;1,74577;1,716556;1,834724;1,956369;1,98732;2,443085;2,977149;2,793934;2,757911;2,793934;2,65109;2,793934;2,341918;2,477228;2,511582;1;1;1;1;1;1;1;1;1;1;1;1;1;1;1;1;1;1;1;1;1;1;1;1;1;1;1;1;1;1;1;
39620000;2;01/04/2005;;1;1;5,865437;1,834724;3,027637;4;24;0;0;1;;0;2,580918;2,793934;4,715972;5,373;4,899813;4,625223;4,012005;3,885652;4,446076;3,203793;2,830164;2,546145;2,308618;2,113276;2,049869;2,049869;1,98732;1,98732;2,341918;2,977149;3,679061;3,885652;3,437783;2,793934;2,8666;2,546145;2,1453;1,895113;1,895113;1,956369;;1;1;1;1;1;1;1;1;1;1;1;1;1;1;1;1;1;1;1;1;1;1;1;1;1;1;1;1;1;1;;
39620000;2;01/05/2005;;1;1;42,6048;1,956369;9,950501;31;1;0;0;1;;0;2,018487;2,113276;3,051877;3,802415;4,446076;6,692906;6,429125;5,616824;5,039736;5,039736;4,992901;5,086765;12,41441;18,85543;17,11044;17,81998;23,82834;23,13597;13,66276;11,13538;11,8955;9,031177;7,568451;6,853429;6,481504;4,226569;3,843934;4,270075;5,324812;17,31188;39,3654;;;;;;;;;;;;;;;;;;;;;;;;;;;;;;;;
39620000;2;01/06/2005;;1;1;72,45647;5,373;30,28323;15;24;0;0;1;;0;46,577;44,87754;42,30568;42,15646;38,93237;21,00273;16,41356;11,4705;9,836776;9,461167;7,681241;6,961381;15,82635;56,66838;70,20399;56,16023;40,53038;53,64958;60,10717;49,89795;33,36038;17,51435;11,4705;6,692906;14,86856;16,21678;22,33953;29,9421;29,04953;26,32168;;1;1;1;1;1;1;1;1;1;1;1;1;1;1;1;1;1;1;1;1;1;1;1;1;1;1;1;1;1;1;;
39620000;2;01/07/2005;;1;1;36,23872;5,373;12,81401;3;18;0;0;1;;0;22,00195;29,30335;36,09929;31,10703;22,67937;12,15374;8,024042;10,34765;10,28316;10,02701;9,09206;10,02701;9,337408;9,09206;7,400655;6,746226;6,429125;5,469954;7,345095;8,197928;9,461167;9,461167;23,25075;28,54481;15,44009;8,610081;7,070082;5,915732;5,765419;6,016893;6,534073;1;1;1;1;1;1;1;1;1;1;1;1;1;1;1;1;1;1;1;1;1;1;1;1;1;1;1;1;1;1;1;
39620000;2;01/08/2005;;1;1;110,8202;5,765419;16,45989;26;13;0;0;1;;0;6,907312;8,491408;12,15374;16,61137;25,35903;31,63102;22,22676;11,4705;9,09206;7,179528;6,273118;6,118814;5,915732;6,016893;8,197928;13,75392;19,17105;13,03204;13,39085;17,81998;27,29999;25,35903;17,41298;24,41213;37,64589;63,45589;21,11275;9,523318;8,139783;7,681241;7,400655;1;1;1;1;1;1;1;1;1;1;1;1;1;1;1;1;1;1;1;1;1;1;1;1;1;1;1;1;1;1;1;
39620000;2;01/09/2005;;1;1;11,00233;2,903244;5,971126;4;23;0;0;1;;0;7,015638;7,015638;7,234531;8,256258;9,461167;7,737913;7,737913;7,345095;5,966218;5,616824;5,765419;5,666164;5,276816;5,715696;7,015638;7,456402;7,345095;6,746226;6,376934;6,118814;5,815332;5,133988;2,940093;3,517402;4,012005;4,357682;3,885652;3,885652;4,31378;4,401781;;1;1;1;1;1;1;1;1;1;1;1;1;1;1;1;1;1;1;1;1;1;1;1;1;1;1;1;1;1;1;;
39620000;2;01/10/2005;;1;1;5,765419;2,903244;4,186386;3;26;0;0;1;;0;5,133988;5,133988;5,518719;4,946259;4,715972;4,807503;4,76164;3,969688;3,761096;3,437783;3,927571;4,270075;4,357682;4,446076;4,946259;5,086765;5,229013;5,181404;5,086765;3,927571;3,557514;3,280977;3,398277;3,165507;3,089549;3,051877;3,01441;3,398277;3,437783;3,597829;4,140148;1;1;1;1;1;1;1;1;1;1;1;1;1;1;1;1;1;1;1;1;1;1;1;1;1;1;1;1;1;1;1;
39620000;2;01/11/2005;;1;1;4,807503;2,209989;3,288666;2;7;0;0;1;;0;4,580142;4,76164;3,843934;3,051877;2,977149;2,65109;2,375429;2,443085;2,375429;2,443085;2,903244;3,358974;3,719978;4,054521;3,969688;4,012005;3,885652;3,885652;3,638344;3,477491;3,358974;3,051877;2,757911;2,686489;2,546145;2,580918;2,686489;2,977149;3,719978;3,885652;;1;1;1;1;1;1;1;1;1;1;1;1;1;1;1;1;1;1;1;1;1;1;1;1;1;1;1;1;1;1;;
39620000;2;01/12/2005;;1;1;5,87;1,83;3,34;9;5;1;1;1;;0;3,72;3,76;3,8;3,17;2,55;2,83;3,28;3,68;5,37;3,72;3,68;3,64;3,93;3,8;3,8;3,48;3,28;3,17;3,01;3,2;3,01;2,98;2,87;2,76;2,72;2,9;2,55;2,87;3,2;3,4;3,44;;;;;;;;;;;;;;;;;;;;;;;;;;;;;;;;
39620000;2;01/01/2006;;1;1;3,517402;1,834724;2,629082;13;18;0;0;1;;0;2,940093;2,830164;2,793934;2,443085;2,209989;2,177538;2,113276;2,1453;2,1453;2,686489;2,940093;3,280977;3,517402;3,398277;3,358974;3,280977;2,977149;2,275529;2,511582;2,477228;2,375429;2,209989;2,511582;2,375429;2,375429;2,375429;2,443085;2,409152;2,511582;2,580918;2,830164;1;1;1;1;1;1;1;1;1;1;1;1;1;1;1;1;1;1;1;1;1;1;1;1;1;1;1;1;1;1;1;
39620000;2;01/02/2006;;1;1;3,679061;1,834724;2,530694;14;20;0;0;1;;0;2,1453;2,1453;2,081465;2,242653;2,1453;2,049869;2,081465;2,049869;2,113276;2,830164;2,977149;3,051877;3,358974;3,127426;3,01441;2,977149;2,275529;2,275529;2,275529;2,177538;2,275529;2,341918;2,409152;2,511582;2,65109;2,8666;3,165507;3,242283;;;;;;;;;;;;;;;;;;;;;;;;;;;;;;;;0;0;;
39620000;2;01/03/2006;;1;1;11,53886;1,834724;3,967118;22;4;0;0;1;;0;3,437783;2,940093;3,051877;2,375429;2,65109;2,511582;2,409152;2,341918;2,1453;2,242653;2,308618;2,341918;2,275529;2,903244;2,977149;2,477228;2,793934;2,830164;2,757911;2,686489;5,276816;9,710852;8,314771;8,729484;8,197928;7,179528;5,765419;5,276816;4,715972;4,226569;3,127426;1;1;1;1;1;1;1;1;1;1;1;1;1;1;1;1;1;1;1;1;1;1;1;1;1;1;1;1;1;1;1;
39620000;2;01/04/2006;;1;1;10,21886;2,686489;5,190088;26;21;0;0;1;;0;4,357682;5,421381;4,357682;4,535257;4,226569;3,597829;3,127426;3,051877;8,08182;9,773724;8,314771;5,616824;4,580142;4,535257;3,597829;4,6705;4,946259;4,183259;3,885652;3,597829;2,940093;2,8666;3,398277;3,885652;3,969688;9,399197;8,491408;6,907312;7,070082;8,314771;;1;1;1;1;1;1;1;1;1;1;1;1;1;1;1;1;1;1;1;1;1;1;1;1;1;1;1;1;1;1;;
39620000;2;01/05/2006;;1;1;31,89445;2,341918;12,85173;18;14;0;0;1;;0;15,15315;19,27677;19,70218;12,32725;10,34765;6,324932;4,097235;5,276816;10,47716;16,71067;15,24853;7,79477;5,133988;2,580918;3,051877;17,21103;28,04397;31,63102;25,35903;19,27677;18,6463;7,234531;5,616824;6,429125;23,13597;24,52962;8,669691;8,373467;5,373;6,639773;8,729484;1;1;1;1;1;1;1;1;1;1;1;1;1;1;1;1;1;1;1;1;1;1;1;1;1;1;1;1;1;1;1;
39620000;2;01/06/2006;;1;1;44,41886;4,012005;16,63025;10;4;0;0;1;;0;5,865437;5,421381;5,086765;4,270075;4,715972;7,456402;10,96946;34,03623;23,25075;42,6048;18,43818;33,22592;34,44459;22,67937;18,85543;16,41356;30,07058;21,55534;13,93705;8,789458;10,21886;14,68015;14,21373;16,02104;15,34418;14,21373;12,50184;14,96316;12,85423;11,80996;;;;;;;;;;;;;;;;;;;;;;;;;;;;;;;;;
39620000;2;01/07/2006;;1;1;39,3654;5,086765;14,06581;27;6;0;0;1;;0;5,865437;5,518719;5,666164;5,715696;5,715696;5,181404;5,666164;6,016893;8,849615;9,337408;8,139783;26,93129;31,36855;32,95772;23,59656;7,909038;16,21678;30,19929;14,12124;14,02901;13,03204;13,12134;6,481504;6,639773;8,610081;26,32168;37,64589;21,44432;18,43818;8,610081;6,692906;;;;;;;;;;;;;;;;;;;;;;;;;;;;;;;;
39620000;2;01/08/2006;;1;1;13,65102;3,679061;6,025356;1;30;0;0;1;;0;9,399197;5,421381;4,625223;4,401781;4,807503;6,118814;5,567676;4,946259;7,512333;8,491408;8,550653;8,432346;7,070082;6,376934;5,616824;5,276816;5,469954;5,715696;6,067759;5,715696;5,373;5,765419;6,221494;6,481504;7,070082;5,966218;5,815332;5,518719;5,133988;3,843934;4,012005;1;1;1;1;1;1;1;1;1;1;1;1;1;1;1;1;1;1;1;1;1;1;1;1;1;1;1;1;1;1;1;
39620000;2;01/09/2006;;1;1;10,6;2,21;4,05;12;30;1;1;1;;0;3,84;3,64;3,6;3,68;3,72;3,89;3,64;3,68;3,84;5,09;7,02;10,6;7,18;4,85;4,27;3,4;3,56;3,76;3,89;4,1;3,6;3,36;3,48;3,56;3,28;2,69;2,65;2,58;2,55;2,38;;;;;;;;;;;;;1;;;;;;;;;;;;;;;;;;;;
39620000;2;01/10/2006;;1;1;5,373;1,956369;2,881889;7;11;0;0;1;;0;2,209989;2,113276;2,757911;3,398277;4,140148;4,401781;4,807503;4,6705;3,885652;3,280977;2,018487;2,275529;2,177538;2,113276;2,308618;2,546145;2,686489;2,722096;2,793934;2,903244;3,437783;3,319874;3,242283;3,089549;2,546145;2,375429;2,177538;2,275529;2,275529;2,209989;2,177538;1;1;1;1;1;1;1;1;1;1;1;1;1;1;1;1;1;1;1;1;1;1;1;1;1;1;1;1;1;1;1;
39620000;2;01/11/2006;;1;1;4,183259;1,658783;2,560223;21;13;0;0;1;;0;2,308618;2,6159;2,793934;3,398277;3,319874;3,398277;3,358974;2,275529;2,209989;2,1453;1,98732;1,834724;1,775203;1,804855;1,925633;2,049869;2,081465;3,885652;3,761096;3,761096;3,437783;3,280977;2,686489;2,409152;2,081465;2,113276;1,956369;2,049869;2,049869;2,049869;;;;;;;;;;;;;;;;;;;;;;;;;;;;;;;;;
39620000;2;01/12/2006;;1;1;3,843934;1,383179;2,246139;4;26;0;0;1;;0;2,049869;2,177538;2,443085;3,597829;3,398277;3,557514;3,557514;1,630227;1,630227;1,545879;1,68756;1,68756;1,658783;1,60189;1,658783;1,68756;1,925633;2,177538;2,65109;3,165507;3,319874;3,089549;2,940093;2,722096;2,546145;1,409738;1,775203;1,86481;1,43652;1,518206;1,518206;1;1;1;1;1;1;1;1;1;1;1;1;1;1;1;1;1;1;1;1;1;1;1;1;1;1;1;1;1;1;1;
