//------------------------------------------------------------------------------
//
// Sistema de Informações Hidrológicas
// Versão Web 3.0
// © 2001 Agência Nacional de Águas (ANA)
//
// NivelConsistencia: 1 = Bruto, 2 = Consistido
// MediaDiaria: 0 = Não, 1 = Sim
// MetodoObtencaoVazoes: 1 = Curva de descarga, 2 = Transferência de vazões, 3 = Soma de vazões, 4 = ADCP
// Status: 0 = Branco, 1 = Real, 2 = Estimado, 3 = Duvidoso, 4 = Régua Seca
//
// Restrições da consulta:
//   Código da Estação: 39850000
//
//------------------------------------------------------------------------------

//EstacaoCodigo;NivelConsistencia;Data;Hora;MediaDiaria;MetodoObtencaoVazoes;Maxima;Minima;Media;DiaMaxima;DiaMinima;MaximaStatus;MinimaStatus;MediaStatus;MediaAnual;MediaAnualStatus;Vazao01;Vazao02;Vazao03;Vazao04;Vazao05;Vazao06;Vazao07;Vazao08;Vazao09;Vazao10;Vazao11;Vazao12;Vazao13;Vazao14;Vazao15;Vazao16;Vazao17;Vazao18;Vazao19;Vazao20;Vazao21;Vazao22;Vazao23;Vazao24;Vazao25;Vazao26;Vazao27;Vazao28;Vazao29;Vazao30;Vazao31;Vazao01Status;Vazao02Status;Vazao03Status;Vazao04Status;Vazao05Status;Vazao06Status;Vazao07Status;Vazao08Status;Vazao09Status;Vazao10Status;Vazao11Status;Vazao12Status;Vazao13Status;Vazao14Status;Vazao15Status;Vazao16Status;Vazao17Status;Vazao18Status;Vazao19Status;Vazao20Status;Vazao21Status;Vazao22Status;Vazao23Status;Vazao24Status;Vazao25Status;Vazao26Status;Vazao27Status;Vazao28Status;Vazao29Status;Vazao30Status;Vazao31Status;
39850000;1;01/01/2007;;1;1;0,9474463;0,1589152;0,3434271;11;21;0;0;1;;0;0,2864345;0,2864345;0,2864345;0,2864345;0,2864345;0,3901612;0,4474925;0,477507;0,5402099;0,749405;0,9474463;0,8656741;0,7123658;0,6064489;0,4474925;0,3628545;0,2628144;0,2401314;0,2183924;0,1976048;0,1589152;0,1589152;0,1589152;0,1589152;0,1589152;0,1589152;0,1589152;0,1589152;0,1589152;0,1589152;0,1589152;1;1;1;1;1;1;1;1;1;1;1;1;1;1;1;1;1;1;1;1;1;1;1;1;1;1;1;1;1;1;1;
39850000;1;01/02/2007;;1;1;23,45367;0,1589152;3,120757;19;1;0;0;0;;0;0,1589152;0,1589152;0,1589152;0,1589152;0,1589152;0,1589152;0,1589152;0,1589152;0,1589152;0,1589152;0,1589152;0,1589152;0,1589152;2,247925;4,71567;8,442605;5,53073;4,041577;10,99155;17,63434;13,84591;10,73554;7,020589;9,861387;13,70315;9,617906;6,709596;5,252418;;;;1;1;1;1;1;1;1;1;1;1;1;1;1;1;1;1;1;1;1;1;1;1;1;1;1;1;1;1;0;0;;
39850000;1;01/03/2007;;1;1;30,35132;1,832834;6,21606;11;29;0;0;1;;0;6,107091;7,338044;10,10766;11,90937;9,617906;6,107091;4,372655;2,977957;2,186249;4,288764;30,35132;17,15758;8,216009;5,252418;4,205619;3,415546;3,340703;3,193307;3,048973;2,838237;2,838237;2,838237;3,415546;3,193307;2,838237;2,502484;2,247925;2,005965;1,889747;3,960682;18,93498;;;;;;;;;;;;;;;;;;;;;;;;;;;;;;;;
39850000;1;01/04/2007;;1;1;30,35132;0,7123658;2,56808;29;12;0;0;0;;0;8,90428;4,628801;3,491149;2,838237;2,838237;2,310388;1,721413;1,406532;1,032597;0,9061364;0,8260626;0,7123658;0,7123658;0,9896009;1,456981;1,308091;1,032597;0,9474463;0,8656741;0,8656741;1,032597;3,340703;3,120757;2,838237;2,838237;2,838237;2,838237;2,838237;27,25896;15,16127;;1;1;1;1;1;1;1;1;1;1;1;1;1;1;1;1;1;1;1;1;1;1;1;1;1;1;1;1;1;1;;
39850000;1;01/05/2007;;1;1;20,96536;2,56808;5,974627;14;10;0;0;1;;0;12,04324;8,556965;6,709596;5,161116;4,803281;4,372655;3,722514;3,120757;2,838237;2,56808;2,56808;3,120757;4,71567;13,56107;12,86089;7,661938;6,205699;5,53073;4,041577;3,567513;4,457293;6,00921;6,916205;7,020589;5,53073;5,437226;5,437226;6,812541;8,103774;6,505869;5,252418;;;;;;;;;;;;;;;;;;;;;;;;;;;;;;;;
39850000;1;01/06/2007;;1;1;70,1186;4,041577;13,19313;27;12;0;0;0;;0;5,719933;11,77618;10,73554;8,103774;6,00921;5,719933;5,344455;5,161116;4,71567;4,372655;4,205619;4,041577;4,123224;4,372655;4,372655;5,81563;7,445294;10,10766;9,984177;6,205699;5,719933;6,00921;7,992248;10,73554;9,257933;58,41991;70,1186;47,33505;33,26699;18,60583;;1;1;1;1;1;1;1;1;1;1;1;1;1;1;1;1;1;1;1;1;1;1;1;1;1;1;1;1;1;1;;
39850000;1;01/07/2007;;1;1;132,3726;8,103774;14,37714;31;6;0;0;1;;0;12,5856;10,73554;10,73554;10,73554;9,377223;8,103774;9,984177;10,73554;13,84591;17,79459;44,26087;19,60121;12,04324;10,73554;10,73554;10,73554;10,4823;9,257933;8,328953;8,328953;8,328953;10,23185;11,38076;10,73554;10,73554;10,73554;22,63624;10,73554;9,739297;8,328953;72,95974;1;1;1;1;1;1;1;1;1;1;1;1;1;1;1;1;1;1;1;1;1;1;1;1;1;1;1;1;1;1;1;
39850000;1;01/08/2007;;1;1;168,5264;8,328953;27,40441;1;29;0;0;1;;0;132,3726;103,688;47,72611;30,35132;30,35132;30,35132;30,35132;29,09572;21,81433;26,95829;25,47838;24,32265;25,47838;28,47724;22,91337;19,60121;18,60583;14,27827;10,73554;24,32265;24,89738;20,44886;16,68684;14,27827;15,16127;12,44898;10,73554;9,984177;8,556965;8,328953;10,73554;;;;;;;;;;;;;;;;;;;;;;;;;;;;;;;;
39850000;1;01/09/2007;;1;1;16,53126;5,252418;9,711438;5;29;0;0;0;;0;9,861387;9,257933;8,328953;10,73554;16,53126;15,76343;12,86089;10,73554;12,5856;11,64369;10,73554;10,73554;13,41967;12,99956;12,7229;12,1778;11,64369;10,73554;9,739297;8,556965;7,445294;6,812541;6,107091;6,00921;5,81563;5,81563;5,624966;5,437226;5,252418;5,252418;;1;1;1;1;1;1;1;1;1;1;1;1;1;1;1;1;1;1;1;1;1;1;1;1;1;1;1;1;1;1;;
39850000;1;01/10/2007;;1;1;5,07055;1,613211;3,009627;1;30;0;0;1;;0;5,07055;4,803281;4,372655;4,123224;4,041577;4,041577;3,801149;3,722514;3,880539;4,041577;3,960682;3,801149;3,340703;3,048973;2,838237;2,701607;2,56808;2,437669;2,437669;2,310388;2,310388;2,247925;2,186249;2,125363;2,065268;2,065268;1,947458;1,947458;1,832834;1,613211;1,613211;1;1;1;1;1;1;1;1;1;1;1;1;1;1;1;1;1;1;1;1;1;1;1;1;1;1;1;1;1;1;1;
39850000;1;01/11/2007;;1;1;1,832834;1,032597;1,30991;18;28;0;0;1;;0;1,508245;1,456981;1,406532;1,308091;1,212941;1,212941;1,212941;1,212941;1,212941;1,212941;1,212941;1,212941;1,212941;1,212941;1,212941;1,308091;1,406532;1,721413;1,832834;1,721413;1,613211;1,456981;1,308091;1,308091;1,212941;1,166607;1,121103;1,032597;1,032597;1,032597;;1;1;1;1;1;1;1;1;1;1;1;1;1;1;1;1;1;1;1;1;1;1;1;1;1;1;1;1;1;1;;
39850000;1;01/12/2007;;1;1;2,065268;1,032597;1,480244;13;1;0;0;1;;0;1,032597;1,032597;1,032597;1,032597;1,032597;1,032597;1,032597;1,032597;1,260103;1,613211;1,721413;1,832834;2,065268;2,065268;1,832834;1,613211;1,613211;1,456981;1,406532;1,406532;1,406532;1,406532;1,406532;1,406532;1,613211;1,613211;1,666909;1,721413;1,832834;1,832834;1,832834;1;1;1;1;1;1;1;1;1;1;1;1;1;1;1;1;1;1;1;1;1;1;1;1;1;1;1;1;1;1;1;
39850000;1;01/01/2008;;1;1;2,838237;1,832834;2,153238;30;9;0;0;1;;0;1,947458;1,947458;2,065268;2,065268;2,065268;1,947458;1,947458;1,947458;1,832834;1,832834;1,832834;1,832834;1,947458;1,947458;1,947458;2,065268;2,065268;2,065268;2,065268;2,065268;2,186249;2,247925;2,310388;2,310388;2,310388;2,437669;2,56808;2,56808;2,701607;2,838237;2,838237;1;1;1;1;1;1;1;1;1;1;1;1;1;1;1;1;1;1;1;1;1;1;1;1;1;1;1;1;1;1;1;
39850000;1;01/02/2008;;1;1;45,78588;2,310388;3,907422;27;7;0;0;1;;0;2,838237;2,701607;2,701607;2,56808;2,502484;2,437669;2,310388;2,310388;2,310388;2,437669;2,634455;2,838237;3,120757;2,977957;2,977957;2,977957;2,838237;2,838237;2,838237;2,769534;2,701607;2,701607;2,701607;2,56808;2,56808;2,56808;30,0351;8,103774;5,437226;;;1;1;1;1;1;1;1;1;1;1;1;1;1;1;1;1;1;1;1;1;1;1;1;1;1;1;1;1;1;0;;
39850000;1;01/03/2008;;1;1;114,0607;2,56808;10,98918;25;10;1;1;1;;0;6,812541;17,95551;10,73554;9,257933;7,445294;5,81563;4,71567;3,722514;2,977957;2,56808;2,701607;2,838237;2,838237;4,372655;4,372655;3,567513;3,120757;2,56808;6,607372;20,27801;30,35132;24,89738;19,26677;15,76343;33,59867;34,94078;14,56989;11,51188;10,73554;10,73554;9,021461;1;1;1;1;1;1;1;1;1;1;1;1;1;1;1;1;1;1;1;1;1;1;1;1;1;1;1;1;1;1;1;
39850000;1;01/04/2008;;1;1;64,1444;4,041577;12,27916;7;28;0;0;1;;0;26,06565;15,461;35,62105;25,47838;15,91565;10,73554;41,65038;15,91565;10,73554;9,861387;8,103774;7,553259;10,73554;10,73554;10,73554;17,79459;7,661938;7,12569;6,607372;6,205699;10,73554;7,992248;8,90428;7,992248;6,505869;5,161116;4,288764;4,041577;6,709596;5,344455;;1;1;1;1;1;1;1;1;1;1;1;1;1;1;1;1;1;1;1;1;1;1;1;1;1;1;1;1;1;1;;
39850000;1;01/05/2008;;1;1;310,4286;4,041577;27,13048;17;5;0;0;1;;0;4,372655;5,53073;4,457293;4,205619;4,041577;6,405088;5,719933;5,437226;5,161116;37,69866;30,35132;30,35132;30,35132;21,54353;17,31584;12,31305;177,8374;81,79919;52,94662;64,1444;55,86246;30,35132;30,35132;20,79253;16,68684;12,04324;11,51188;17,47475;16,37635;15,16127;12,44898;1;1;1;1;1;1;1;1;1;1;1;1;1;1;1;1;1;1;1;1;1;1;1;1;1;1;1;1;1;1;1;
39850000;1;01/06/2008;;1;1;48,90832;10,73554;15,89978;5;1;0;0;1;;0;10,73554;10,73554;10,73554;19,10054;39,11431;30,35132;28,17033;22,08672;18,1171;13,70315;17,63434;14,56989;10,73554;10,73554;12,86089;12,1778;10,99155;10,73554;10,73554;30,35132;10,73554;10,73554;10,73554;10,73554;16,37635;25,47838;15,61188;10,73554;10,73554;10,73554;;1;1;1;1;1;1;1;1;1;1;1;1;1;1;1;1;1;1;1;1;1;1;1;1;1;1;1;1;1;1;;
39850000;1;01/07/2008;;1;1;171,3664;10,73554;29,8431;18;1;0;0;1;;0;10,73554;13,56107;17,63434;17;19,43366;30,35132;23,19207;23,47235;19,76942;19,93829;38,40343;30,35132;42,76007;19,93829;16,68684;24,32265;50,50564;136,8286;77,81216;36,65297;30,35132;30,35132;24,60923;23,47235;21,54353;16,22211;24,32265;29,4073;17,95551;19,43366;18,1171;1;1;1;1;1;1;1;1;1;1;1;1;1;1;1;1;1;1;1;1;1;1;1;1;1;1;1;1;1;1;1;
39850000;1;01/08/2008;;1;1;24,32265;6,812541;12,49709;17;31;0;0;1;;0;14,71672;12,5856;11,77618;10,73554;10,73554;10,73554;10,73554;10,73554;10,73554;10,73554;10,73554;10,73554;10,73554;10,73554;10,73554;10,73554;23,75421;20,96536;19,10054;17,15758;16,37635;16,53126;14,56989;12,1778;10,73554;10,73554;10,73554;10,73554;9,739297;8,328953;7,12569;1;1;1;1;1;1;1;1;1;1;1;1;1;1;1;1;1;1;1;1;1;1;1;1;1;1;1;1;1;1;1;
39850000;1;01/09/2008;;1;1;10,73554;3,415546;6,818583;4;30;0;0;1;;0;6,505869;7,881433;9,257933;10,73554;10,73554;10,73554;10,73554;10,73554;10,73554;10,10766;9,257933;8,103774;7,553259;6,916205;6,607372;6,205699;6,205699;6,00921;5,719933;5,344455;4,71567;4,123224;3,880539;3,801149;3,722514;3,722514;3,722514;3,567513;3,567513;3,644635;;1;1;1;1;1;1;1;1;1;1;1;1;1;1;1;1;1;1;1;1;1;1;1;1;1;1;1;1;1;1;;
39850000;1;01/10/2008;;1;1;4,041577;2,701607;3,437766;5;31;0;0;1;;0;3,644635;3,340703;3,266623;3,644635;4,041577;4,041577;3,880539;3,880539;3,801149;3,722514;3,722514;3,880539;3,880539;3,722514;3,722514;3,567513;3,567513;3,415546;3,415546;3,415546;3,266623;3,266623;3,120757;3,120757;3,048973;2,977957;2,977957;2,838237;2,838237;2,838237;2,701607;1;1;1;1;1;1;1;1;1;1;1;1;1;1;1;1;1;1;1;1;1;1;1;1;1;1;1;1;1;1;1;
39850000;1;01/11/2008;;1;1;2,56808;1,613211;1,932547;1;20;0;0;1;;0;2,56808;2,373637;2,310388;2,310388;2,310388;2,247925;2,186249;2,186249;2,065268;2,065268;2,005965;1,947458;1,947458;1,889747;1,832834;1,832834;1,832834;1,721413;1,721413;1,613211;1,613211;1,613211;1,613211;1,613211;1,613211;1,832834;1,832834;1,832834;1,721413;1,721413;;1;1;1;1;1;1;1;1;1;1;1;1;1;1;1;1;1;1;1;1;1;1;1;1;1;1;1;1;1;1;;
39850000;1;01/01/2009;;1;1;6,9162;2,7016;3,2293;30;4;1;1;1;;0;2,8382;2,8382;2,8382;2,7016;2,7016;2,7016;2,7016;2,8382;2,8382;2,8382;2,978;2,978;2,978;2,978;2,978;3,1208;3,1208;3,1208;3,1208;3,1208;3,1208;3,1208;3,1208;3,1208;3,1208;3,1208;3,1208;3,1208;3,4911;6,9162;6,4051;1;1;1;1;1;1;1;1;1;1;1;1;1;1;1;1;1;1;1;1;1;1;1;1;1;1;1;1;1;1;1;
39850000;1;01/02/2009;;1;1;10,7355;3,7225;5,4603;23;9;1;1;1;;0;6,2057;5,7199;5,3445;5,0706;4,8916;4,6288;4,3727;4,1232;3,7225;3,7225;3,7225;3,7225;3,8805;3,8805;3,8805;4,0416;4,0416;4,2056;4,3727;4,8916;6,305;8,216;10,7355;10,7355;9,0215;7,0206;6,2057;6,2057;;;;1;1;1;1;1;1;1;1;1;1;1;1;1;1;1;1;1;1;1;1;1;1;1;1;1;1;1;1;0;0;0;
39850000;1;01/03/2009;;1;1;10,7355;3,4155;4,8642;4;24;1;1;1;;0;6,5059;7,4453;8,1038;10,7355;8,672;7,338;6,0092;5,4372;5,2524;5,0706;4,7157;4,7157;4,3727;4,3727;4,2056;4,2056;4,0416;3,9607;3,8805;3,7225;3,6446;3,5675;3,4911;3,4155;3,4155;3,4155;3,4155;3,4155;3,4155;3,4155;3,4155;1;1;1;1;1;1;1;1;1;1;1;1;1;1;1;1;1;1;1;1;1;1;1;1;1;1;1;1;1;1;1;
39850000;1;01/04/2009;;1;1;10,7355;3,4155;5,7349;22;1;1;1;1;;0;3,4155;3,4155;7,6619;4,1232;3,8805;3,7225;3,5675;3,5675;3,5675;3,5675;3,5675;3,5675;4,2056;4,2056;5,1611;6,6074;6,2057;6,2057;6,2057;6,2057;8,329;10,7355;10,7355;10,7355;8,216;6,9162;6,2057;6,1071;5,8156;5,625;;1;1;1;1;1;1;1;1;1;1;1;1;1;1;1;1;1;1;1;1;1;1;1;1;1;1;1;1;1;1;0;
39850000;1;01/05/2009;;1;1;61,8531;5,4372;23,4979;28;1;1;1;1;;0;5,4372;11,7762;18,2793;10,4823;9,0215;10,7355;9,1393;7,4453;6,5059;6,2057;6,2057;17,3158;10,7355;25,4984;20,4489;14,5699;10,7355;10,7355;14,2783;34,6726;56,0086;37,7887;27,4251;18,935;46,6132;40,5575;49,9145;61,8531;31,471;58,4808;39,1619;1;1;1;1;1;1;1;1;1;1;1;1;1;1;1;1;1;1;1;1;1;1;1;1;1;1;1;1;1;1;1;
39850000;1;01/06/2009;;1;1;;;;;;0;0;0;;0;27,6213;23,2717;20,1078;16,2221;12,8609;10,7355;10,7355;18,1171;27,8182;;42,9333;37,336;35,7713;34,2375;32,3108;30,6414;28,8121;27,6213;0;0;0;0;0;0;9,6179;8,557;0;0;0;0;;1;1;1;1;1;1;1;1;1;0;1;1;1;1;1;1;1;1;4;4;4;4;4;4;1;1;4;4;4;4;0;
39850000;1;01/07/2009;;1;1;54,9256;0;5,1023;3;1;1;4;1;;0;0;44,3886;54,9256;0;0;0;0;0;0;0;10,7355;10,2318;9,9842;9,7393;9,3772;8,7878;0;0;0;0;0;0;0;0;0;0;0;0;0;0;0;4;1;1;4;4;4;4;4;4;4;1;1;1;1;1;1;4;4;4;4;4;4;4;4;4;4;4;4;4;4;4;
39850000;1;01/08/2009;;1;1;32,3108;0;3,9753;7;6;1;4;1;;0;10,7355;10,1077;9,4972;8,7878;8,329;0;32,3108;0;0;0;0;0;0;0;0;0;0;0;0;0;0;0;0;0;0;0;0;12,7229;11,1206;10,4823;9,1393;1;1;1;1;1;4;1;4;4;4;4;4;4;4;4;4;4;4;4;4;4;4;4;4;4;4;4;1;1;1;1;
39850000;1;01/09/2009;;1;1;8,329;2,1862;4,1454;1;30;1;1;1;;0;8,329;7,7713;7,1257;6,6074;6,1071;5,5307;5,1611;4,7157;4,0416;3,8805;3,8805;4,0416;4,2056;4,2056;4,0416;3,8805;3,6446;3,4155;3,3407;3,2666;3,1208;3,1208;2,978;2,9077;2,8382;2,7016;2,5681;2,4377;2,3104;2,1862;;1;1;1;1;1;1;1;1;1;1;1;1;1;1;1;1;1;1;1;1;1;1;1;1;1;1;1;1;1;1;0;
39850000;1;01/10/2009;;1;1;2,0653;1,3081;1,6793;1;30;1;1;1;;0;2,0653;2,0653;2,0653;2,0653;2,006;1,9475;1,9475;1,9475;1,8328;1,8328;1,8328;1,8328;1,8328;1,7214;1,7214;1,6669;1,6132;1,6132;1,6132;1,5082;1,5082;1,4065;1,4065;1,4065;1,4065;1,4065;1,4065;1,4065;1,3569;1,3081;1,3081;1;1;1;1;1;1;1;1;1;1;1;1;1;1;1;1;1;1;1;1;1;1;1;1;1;1;1;1;1;1;1;
39850000;1;01/11/2009;;1;1;1,7214;1,3081;1,4148;28;1;;;1;;0;1,3081;1,3081;1,3081;1,3081;1,3081;1,3081;1,3081;1,3081;1,3081;1,3081;1,3081;1,4065;1,3081;1,3081;1,3081;1,3081;1,3081;1,3081;1,4065;1,4065;1,4065;1,5082;1,5082;1,5603;1,6132;1,6132;1,6132;1,7214;1,7214;1,7214;;;;;;;;;;;;;;;;;;;;;;;;;;;;;;;;0;
39850000;1;01/12/2009;;1;1;2,8382;1,5082;1,805;27;13;;;1;;0;1,6132;1,6132;1,6132;1,6132;1,6132;1,6132;1,6132;1,6132;1,6132;1,6132;1,6132;1,6132;1,5082;1,5082;1,5082;1,5082;1,5082;1,5082;1,5082;1,5082;1,6132;1,6132;1,6132;1,8328;1,8328;1,8328;2,8382;2,8382;2,8382;2,8382;2,8382;;;;;;;;;;;;;;;;;;;;;;;;;;;;;;;;
39850000;1;01/01/2010;;1;1;12,9996;2,4377;3,8826;20;6;1;1;1;;0;2,7695;2,7016;2,7016;2,5681;2,5681;2,4377;2,4377;2,4377;2,4377;2,4377;2,4377;2,4377;2,4377;2,4377;2,4377;2,4377;2,8382;2,8382;2,8382;12,9996;10,7355;9,2579;6,6074;4,7157;4,0416;3,9607;3,8805;3,8805;3,7225;3,8805;4,0416;1;1;1;1;1;1;1;1;1;1;1;1;1;1;1;1;1;1;1;1;1;1;1;1;1;1;1;1;1;1;1;
39850000;1;01/02/2010;;1;1;8,7878;1,8328;3,5872;26;23;1;1;1;;0;4,3727;4,3727;4,3727;4,3727;4,2056;4,2056;4,1232;4,0416;3,9607;3,7225;3,4911;3,4155;3,1933;3,1208;2,8382;2,7016;2,5681;2,4377;2,3736;2,2479;2,0653;1,9475;1,8328;1,8328;4,1232;8,7878;5,9121;3,8011;;;;1;1;1;1;1;1;1;1;1;1;1;1;1;1;1;1;1;1;1;1;1;1;1;1;1;1;1;1;0;0;0;
39850000;1;01/03/2010;;1;1;13,9894;1,1211;4,2332;21;19;1;1;1;;0;3,4155;3,2666;3,1208;2,8382;2,6345;2,5025;2,3104;2,006;1,8328;1,6132;1,5082;1,4065;1,4065;1,3081;1,3081;1,2129;1,2129;1,1666;1,1211;1,1211;13,9894;10,7355;9,0215;8,329;7,338;5,8156;10,7355;9,3772;7,6619;5,625;4,2888;1;1;1;1;1;1;1;1;1;1;1;1;1;1;1;1;1;1;1;1;1;1;1;1;1;1;1;1;1;1;1;
39850000;1;01/04/2010;;1;1;45,3711;2,5681;9,382;9;4;1;1;1;;0;3,7225;3,1208;2,7695;2,5681;3,3407;3,2666;3,1208;2,8382;45,3711;26,8403;26,8403;23,0904;19,1005;15,461;12,5856;10,2318;8,7878;8,329;7,6619;6,8125;6,1071;5,5307;5,2524;4,8916;4,3727;4,3727;4,1232;3,9607;3,7225;3,2666;;1;1;1;1;1;1;1;1;1;1;1;1;1;1;1;1;1;1;1;1;1;1;1;1;1;1;1;1;1;1;0;
39850000;1;01/05/2010;;1;1;2,7695;1,5082;2,1415;1;30;1;1;1;;0;2,7695;2,5025;2,4377;2,4377;2,3104;2,3104;2,3104;2,3104;2,3104;2,3104;2,3104;2,3104;2,3104;2,3104;2,1862;2,1862;2,1254;2,1862;2,3104;2,3104;2,1862;2,0653;2,006;1,8897;1,8328;1,8328;1,7214;1,6669;1,6132;1,5082;1,5082;1;1;1;1;1;1;1;1;1;1;1;1;1;1;1;1;1;1;1;1;1;1;1;1;1;1;1;1;1;1;1;
39850000;1;01/06/2010;;1;1;;;;;;0;0;0;;0;1,6132;1,6132;1,6132;9,2579;57,376;25,3092;18,6058;13,5611;10,7355;10,7355;13,5611;13,4197;12,9996;12,8609;13,279;12,7229;52,5245;;;;;;;;;;;;;;;1;1;1;1;1;1;1;1;1;1;1;1;1;1;1;1;1;0;0;0;0;0;0;0;0;0;0;0;0;0;0;
39850000;1;01/07/2010;;1;1;;;;;;0;0;0;;0;;;;;;;;;;;;;;34,6726;32,0999;49,3999;49,3999;35,5503;32,0999;23,8196;19,9383;37,336;36,4381;26,4537;20,6204;18,6058;16,6868;16,0685;15,7634;50,9512;50,4316;0;0;0;0;0;0;0;0;0;0;0;0;0;1;1;1;1;1;1;1;1;1;1;1;1;1;1;1;1;1;1;
39850000;1;01/08/2010;;1;1;29,6187;0;12,6614;1;16;1;4;1;;0;29,6187;23,4537;24,0035;22,3716;22,9097;20,6204;18,935;17,4748;16,2221;17;16,2221;14,8642;13,8459;13,1389;11,7762;0;0;0;0;0;0;15,461;14,8642;14,2783;13,7032;13,4197;13,279;12,9996;12,0432;0;0;1;1;1;1;1;1;1;1;1;1;1;1;1;1;1;4;4;4;4;4;4;1;1;1;1;1;1;1;1;4;4;
39850000;1;01/09/2010;;1;1;;;;;;0;0;0;;0;;35,993;28,4126;24,1881;15,6119;13,1389;;;;;;;;29,822;21,8393;12,8609;12,1778;;;;;;;;;;;;;;;0;1;1;1;1;1;0;0;0;0;0;0;0;1;1;1;1;0;0;0;0;0;0;0;0;0;0;0;0;0;0;
39850000;1;01/10/2010;;1;1;57,376;0;10,2701;24;1;1;4;1;;0;0;0;0;0;0;0;0;4,4573;4,3727;4,2056;4,1232;4,0416;3,8805;3,7225;3,7225;3,5675;3,4911;3,4155;3,2666;3,1208;41,9755;25,4984;27,2295;57,376;22,7297;20,6204;18,2793;16,6868;14,7167;13,1389;10,7355;4;4;4;4;4;4;4;1;1;1;1;1;1;1;1;1;1;1;1;1;1;1;1;1;1;1;1;1;1;1;1;
39850000;1;01/11/2010;;1;1;9,4972;2,0653;3,7358;1;29;1;1;1;;0;9,4972;7,9922;6,6074;5,1611;4,7157;4,3727;4,3727;4,2056;4,2056;4,0416;4,0416;3,8805;3,8011;3,7225;3,5675;3,4155;3,1933;3,049;2,8382;2,7016;2,5681;2,4377;2,4377;2,3104;2,3104;2,1862;2,1862;2,1254;2,0653;2,0653;;1;1;1;1;1;1;1;1;1;1;1;1;1;1;1;1;1;1;1;1;1;1;1;1;1;1;1;1;1;1;0;
39850000;1;01/12/2010;;1;1;2,0653;0;1,1373;1;20;1;4;1;;0;2,0653;2,0653;2,0653;2,0653;2,0653;2,0653;2,0653;1,9475;1,9475;1,9475;1,8328;1,8328;1,6132;1,6132;1,6132;1,6132;1,6132;1,6132;1,6132;0;0;0;0;0;0;0;0;0;0;0;0;1;1;1;1;1;1;1;1;1;1;1;1;1;1;1;1;1;1;1;4;4;4;4;4;4;4;4;4;4;4;4;
39850000;1;01/01/2011;;1;1;41,5003;41,0277;41,2564;17;1;1;1;1;;0;41,0277;41,0277;41,0277;41,0277;41,0277;41,0277;41,0277;41,0277;41,0277;41,0277;41,0277;41,0277;41,0277;41,0277;41,0277;41,0277;41,5003;41,5003;41,5003;41,5003;41,5003;41,5003;41,5003;41,5003;41,5003;41,5003;41,5003;41,5003;41,5003;41,5003;41,5003;1;1;1;1;1;1;1;1;1;1;1;1;1;1;1;1;1;1;1;1;1;1;1;1;1;1;1;1;1;1;1;
39850000;1;01/02/2011;;1;1;0;0;0;1;1;4;4;1;;0;0;0;0;0;0;0;0;0;0;0;0;0;0;0;0;0;0;0;0;0;0;0;0;0;0;0;0;0;;;;4;4;4;4;4;4;4;4;4;4;4;4;4;4;4;4;4;4;4;4;4;4;4;4;4;4;4;4;0;0;0;
39850000;1;01/03/2011;;1;1;0;0;0;1;1;4;4;1;;0;0;0;0;0;0;0;0;0;0;0;0;0;0;0;0;0;0;0;0;0;0;0;0;0;0;0;0;0;0;0;0;4;4;4;4;4;4;4;4;4;4;4;4;4;4;4;4;4;4;4;4;4;4;4;4;4;4;4;4;4;4;4;
39850000;2;01/01/1990;;1;1;0;0;0;1;1;1;1;1;;0;0;0;0;0;0;0;0;0;0;0;0;0;0;0;0;0;0;0;0;0;0;0;0;0;0;0;0;0;0;0;0;1;1;1;1;1;1;1;1;1;1;1;1;1;1;1;1;1;1;1;1;1;1;1;1;1;1;1;1;1;1;1;
39850000;2;01/02/1990;;1;1;0;0;0;1;1;1;1;1;;0;0;0;0;0;0;0;0;0;0;0;0;0;0;0;0;0;0;0;0;0;0;0;0;0;0;0;0;0;;;;1;1;1;1;1;1;1;1;1;1;1;1;1;1;1;1;1;1;1;1;1;1;1;1;1;1;1;1;0;0;;
39850000;2;01/03/1990;;1;1;0;0;0;1;1;1;1;1;;0;0;0;0;0;0;0;0;0;0;0;0;0;0;0;0;0;0;0;0;0;0;0;0;0;0;0;0;0;0;0;0;1;1;1;1;1;1;1;1;1;1;1;1;1;1;1;1;1;1;1;1;1;1;1;1;1;1;1;1;1;1;1;
39850000;2;01/04/1990;;1;1;0;0;0;1;1;1;1;1;;0;0;0;0;0;0;0;0;0;0;0;0;0;0;0;0;0;0;0;0;0;0;0;0;0;0;0;0;0;0;0;;1;1;1;1;1;1;1;1;1;1;1;1;1;1;1;1;1;1;1;1;1;1;1;1;1;1;1;1;1;1;;
39850000;2;01/05/1990;;1;1;0;0;0;1;1;1;1;1;;0;0;0;0;0;0;0;0;0;0;0;0;0;0;0;0;0;0;0;0;0;0;0;0;0;0;0;0;0;0;0;0;1;1;1;1;1;1;1;1;1;1;1;1;1;1;1;1;1;1;1;1;1;1;1;1;1;1;1;1;1;1;1;
39850000;2;01/06/1990;;1;1;0;0;0;1;1;1;1;1;;0;0;0;0;0;0;0;0;0;0;0;0;0;0;0;0;0;0;0;0;0;0;0;0;0;0;0;0;0;0;0;;1;1;1;1;1;1;1;1;1;1;1;1;1;1;1;1;1;1;1;1;1;1;1;1;1;1;1;1;1;1;;
39850000;2;01/07/1990;;1;1;0;0;0;1;1;1;1;1;;0;0;0;0;0;0;0;0;0;0;0;0;0;0;0;0;0;0;0;0;0;0;0;0;0;0;0;0;0;0;0;0;1;1;1;1;1;1;1;1;1;1;1;1;1;1;1;1;1;1;1;1;1;1;1;1;1;1;1;1;1;1;1;
39850000;2;01/08/1990;;1;1;0;0;0;1;1;1;1;1;;0;0;0;0;0;0;0;0;0;0;0;0;0;0;0;0;0;0;0;0;0;0;0;0;0;0;0;0;0;0;0;0;1;1;1;1;1;1;1;1;1;1;1;1;1;1;1;1;1;1;1;1;1;1;1;1;1;1;1;1;1;1;1;
39850000;2;01/09/1990;;1;1;0;0;0;1;1;1;1;1;;0;0;0;0;0;0;0;0;0;0;0;0;0;0;0;0;0;0;0;0;0;0;0;0;0;0;0;0;0;0;0;;1;1;1;1;1;1;1;1;1;1;1;1;1;1;1;1;1;1;1;1;1;1;1;1;1;1;1;1;1;1;;
39850000;2;01/10/1990;;1;1;0,414;0;0,035;30;1;1;1;1;;0;0;0;0;0;0;0;0;0;0;0;0;0;0;0;0;0;0;0;0;0;0;0;0;0;0;0;0;0;0,369;0,414;0,287;1;1;1;1;1;1;1;1;1;1;1;1;1;1;1;1;1;1;1;1;1;1;1;1;1;1;1;1;1;1;1;
39850000;2;01/11/1990;;1;1;0,5691702;0,1844296;0,3475657;20;29;1;1;1;;0;0,3262786;0,3688847;0,4144366;0,4144366;0,3262786;0,3262786;0,3262786;0,3262786;0,3688847;0,3688847;0,4144366;0,3688847;0,3262786;0,3262786;0,3262786;0,2865755;0,3262786;0,2865755;0,2865755;0,5691702;0,3688847;0,4144366;0,3688847;0,3688847;0,3688847;0,3688847;0,3262786;0,2865755;0,1844296;0,2865755;;1;1;1;1;1;1;1;1;1;1;1;1;1;1;1;1;1;1;1;1;1;1;1;1;1;1;1;1;1;1;;
39850000;2;01/12/1990;;1;1;0,5145404;0,1299755;0,2037483;27;20;1;1;1;;0;0,2156985;0,2156985;0,1844296;0,1844296;0,1844296;0,1844296;0,2156985;0,1558732;0,1558732;0,1844296;0,1844296;0,1844296;0,1844296;0,1844296;0,1844296;0,1844296;0,1558732;0,1558732;0,1558732;0,1299755;0,1299755;0,1299755;0,1299755;0,1299755;0,1299755;0,4144366;0,5145404;0,4144366;0,3688847;0,1844296;0,1844296;1;1;1;1;1;1;1;1;1;1;1;1;1;1;1;1;1;1;1;1;1;1;1;1;1;1;1;1;1;1;1;
39850000;2;01/01/1991;;1;1;0,4629753;0,1066796;0,1673061;24;2;1;1;1;;0;0,1558732;0,1066796;0,1299755;0,1066796;0,1066796;0,1066796;0,1066796;0,1066796;0,1558732;0,1299755;0,1299755;0,1299755;0,1299755;0,1066796;0,1066796;0,1066796;0,1066796;0,1066796;0,1066796;0,1558732;0,1558732;0,1558732;0,1844296;0,4629753;0,3262786;0,3688847;0,2865755;0,2156985;0,2865755;0,2156985;0,1299755;1;1;1;1;1;1;1;1;1;1;1;1;1;1;1;1;1;1;1;1;1;1;1;1;1;1;1;1;1;1;1;
39850000;2;01/02/1991;;1;1;0,5691702;0,0676473;0,1884672;8;25;1;1;1;;0;0,1066796;0,1066796;0,1066796;0,1066796;0,2497309;0,4144366;0,3262786;0,5691702;0,4144366;0,3688847;0,3262786;0,2865755;0,3262786;0,1558732;0,1299755;0,1299755;0,1299755;0,1299755;0,1299755;0,1299755;8,592509E-02;8,592509E-02;8,592509E-02;8,592509E-02;0,0676473;8,592509E-02;0,0676473;0,0676473;;;;1;1;1;1;1;1;1;1;1;1;1;1;1;1;1;1;1;1;1;1;1;1;1;1;1;1;1;1;0;0;;
39850000;2;01/03/1991;;1;1;28,47724;0,0676473;2,610551;18;1;1;1;1;;0;0,0676473;8,592509E-02;8,592509E-02;8,592509E-02;0,0676473;0,0676473;0,1066796;0,1066796;0,1066796;0,1299755;0,1558732;0,1844296;0,1844296;2,481747;6,891399;3,626165;2,882585;28,47724;13,56989;4,11854;3,626165;2,611634;1,476231;1,291655;1,291655;1,291655;1,20451;1,120756;1,20451;1,20451;1,120756;1;1;1;1;1;1;1;1;1;1;1;1;1;1;1;1;1;1;1;1;1;1;1;1;1;1;1;1;1;1;1;
39850000;2;01/04/1991;;1;1;4,466383;0,1558732;0,4806829;30;13;1;1;1;;0;1,120756;1,120756;1,040364;0,5691702;0,4629753;0,5145404;0,5691702;0,5145404;0,4629753;0,3262786;0,2156985;0,1844296;0,1558732;0,1558732;0,1558732;0,1558732;0,1558732;0,1558732;0,1558732;0,1844296;0,1844296;0,1844296;0,1558732;0,1844296;0,2156985;0,1558732;0,1558732;0,1558732;0,1844296;4,466383;;1;1;1;1;1;1;1;1;1;1;1;1;1;1;1;1;1;1;1;1;1;1;1;1;1;1;1;1;1;1;;
39850000;2;01/05/1991;;1;1;11,06371;0,9633042;3,104129;23;3;1;1;1;;0;5,017915;1,998923;0,9633042;1,38222;1,674703;1,674703;2,355556;1,291655;1,20451;1,20451;1,476231;1,291655;1,674703;1,291655;1,120756;1,291655;1,674703;2,114167;2,882585;6,446289;6,446289;6,446289;11,06371;6,446289;6,446289;4,466383;4,466383;2,355556;2,355556;2,233037;3,469799;1;1;1;1;1;1;1;1;1;1;1;1;1;1;1;1;1;1;1;1;1;1;1;1;1;1;1;1;1;1;1;
39850000;2;01/06/1991;;1;1;7,590402;1,887281;4,044389;11;21;1;1;1;;0;5,017915;6,446289;7,353201;6,891399;5,809631;6,891399;5,809631;6,229952;5,809631;6,229952;7,590402;6,891399;5,209772;3,469799;2,882585;2,882585;2,611634;1,998923;2,481747;2,114167;1,887281;1,887281;2,114167;2,114167;2,233037;2,233037;1,998923;1,887281;1,998923;2,355556;;1;1;1;1;1;1;1;1;1;1;1;1;1;1;1;1;1;1;1;1;1;1;1;1;1;1;1;1;1;1;;
39850000;2;01/07/1991;;1;1;9,641271;2,233037;3,857473;31;2;1;1;1;;0;2,355556;2,233037;2,355556;2,355556;2,611634;2,233037;2,611634;2,882585;2,882585;4,11854;2,882585;2,882585;3,023692;2,882585;2,611634;2,355556;2,481747;2,611634;2,882585;3,023692;4,290489;5,605612;5,209772;4,830077;3,950516;4,830077;6,017738;6,446289;6,891399;7,590402;9,641271;1;1;1;1;1;1;1;1;1;1;1;1;1;1;1;1;1;1;1;1;1;1;1;1;1;1;1;1;1;1;1;
39850000;2;01/08/1991;;1;1;236,0995;1,998923;24,1959;17;11;1;1;2;;0;12,59652;8,327393;7,120205;6,017738;4,290489;3,786397;3,317278;2,882585;2,882585;2,233037;1,998923;1,998923;2,114167;2,114167;4,830077;39,83129;199,45;112,8853;72,48255;49,70398;31,63172;27,86498;20,47617;18,92283;37;24,32265;16,46186;11,06371;8,327393;7,120205;6,017738;1;1;1;1;1;1;1;1;1;1;1;1;1;1;1;1;1;1;1;1;1;1;1;1;1;2;2;2;2;2;2;
39850000;2;01/09/1991;;1;1;;;11,5;;;0;0;2;;0;;;;;;;;;;;;;;;;;;;;;;;;;;;;;;;;0;0;0;0;0;0;0;0;0;0;0;0;0;0;0;0;0;0;0;0;0;0;0;0;0;0;0;0;0;0;;
39850000;2;01/10/1991;;1;1;1,20451;0,7518124;0,9254742;25;17;1;1;2;;0;0,81906;0,81906;0,81906;0,81906;0,81906;0,81906;0,81906;0,81906;0,81906;0,81906;0,81906;0,9633042;1,040364;1,120756;1,120756;0,9633042;0,7518124;0,81906;0,81906;0,81906;0,81906;0,81906;0,9633042;1,120756;1,20451;1,120756;1,120756;1,120756;1,120756;0,9633042;0,8895466;2;2;2;2;2;2;2;2;1;1;1;1;1;1;1;1;1;1;1;1;1;1;1;1;1;1;1;1;1;1;1;
39850000;2;01/11/1991;;1;1;2,882585;0,1558732;0,5763394;21;12;1;1;1;;0;0,81906;0,5691702;0,5691702;0,4629753;0,4629753;0,4629753;0,2156985;0,2156985;0,2156985;0,2156985;0,2156985;0,1558732;0,1558732;0,1558732;0,2156985;0,2156985;0,2156985;0,3688847;0,81906;1,20451;2,882585;1,476231;1,476231;0,9633042;0,81906;0,6877709;0,4629753;0,2497309;0,1844296;0,1558732;;1;1;1;1;1;1;1;1;1;1;1;1;1;1;1;1;1;1;1;1;1;1;1;1;1;1;1;1;1;1;;
39850000;2;01/12/1991;;1;1;0,1558732;1,781484E-02;7,842892E-02;1;20;1;1;1;;0;0,1558732;0,1558732;0,1558732;0,1558732;0,1558732;0,1558732;0,1558732;0,1558732;0,1299755;0,1066796;0,1066796;0,1066796;0,1066796;0,1066796;0,1066796;0,0676473;0,0676473;3,823777E-02;0,0269478;1,781484E-02;1,781484E-02;1,781484E-02;1,781484E-02;1,781484E-02;1,781484E-02;1,781484E-02;1,781484E-02;1,781484E-02;1,781484E-02;1,781484E-02;1,781484E-02;1;1;1;1;1;1;1;1;1;1;1;1;1;1;1;1;1;1;1;1;1;1;1;1;1;1;1;1;1;1;1;
39850000;2;01/01/1992;;1;1;79,29636;1,073485E-02;6,408826;29;19;1;1;2;;0;0,2156985;0,3688847;0,3688847;0,2156985;0,1066796;0,0676473;0,0676473;0,0676473;3,823777E-02;3,823777E-02;3,823777E-02;3,823777E-02;0,0269478;1,781484E-02;1,781484E-02;0,0676473;0,0269478;1,781484E-02;1,073485E-02;1,073485E-02;1,781484E-02;1,781484E-02;0,1066796;0,1844296;0,81906;5,605612;17,42699;30,35132;79,29636;46,55745;16,46186;1;1;1;1;1;2;2;2;2;2;2;2;2;2;1;2;2;1;1;1;1;1;1;1;1;1;1;1;1;1;1;
39850000;2;01/02/1992;;1;1;55,44144;1,120756;12,84042;24;10;1;2;2;;0;9,102795;8,840034;6,017738;4,11854;3,317278;2,611634;2,114167;1,674703;1,38222;1,120756;27,86498;11,97004;7,120205;5,405665;19,43423;17,9192;11,97004;10,77045;26,65918;16,94121;18,41781;16,46186;30,35132;43,50744;22,08672;19,95202;12,28104;7,353201;5,605612;;;1;1;2;2;2;2;2;2;2;2;1;1;2;2;1;1;1;1;1;1;1;1;1;1;1;1;1;2;2;0;;
39850000;2;01/03/1992;;1;1;121,2323;1,20451;27,16357;29;8;1;2;2;;0;4,466383;3,469799;2,74524;2,233037;1,779216;1,476231;1,291655;1,20451;81,29572;48,90832;45,78588;41,28352;39,83129;22,08672;38,40343;107,0941;85,36423;30,35132;15,06254;11,66349;10,19712;9,369868;8,840034;7,353201;6,229952;5,605612;15,98895;12,28104;114,0607;44,26087;22,08672;2;2;2;2;2;2;2;2;1;1;1;1;1;1;1;1;1;1;1;1;1;1;1;2;2;2;1;1;1;1;1;
39850000;2;01/04/1992;;1;1;291,87;;25;4;;1;0;2;;0;13,241;10,482;18,923;291,87;;;;;;;;;;;;;;;;;;;;;;;;;;;;1;1;1;1;0;0;0;0;0;0;0;0;0;0;0;0;0;0;0;0;0;0;0;0;0;0;0;0;0;0;;
39850000;2;01/05/1992;;1;1;;;4;;;0;0;2;;0;;;;;;;;;;;;;;;;;;;;;;;;;;;;;;;;0;0;0;0;0;0;0;0;0;0;0;0;0;0;0;0;0;0;0;0;0;0;0;0;0;0;0;0;0;0;0;
39850000;2;01/06/1992;;1;1;;;7;;;0;0;2;;0;;;;;;;;;;;;;;;;;;;;;;;;;;;;;;;;0;0;0;0;0;0;0;0;0;0;0;0;0;0;0;0;0;0;0;0;0;0;0;0;0;0;0;0;0;0;;
39850000;2;01/07/1992;;1;1;;;7,5;;;0;0;2;;0;;;;;;;;;;;;;;;;;;;;;;;;;;;;;;;;0;0;0;0;0;0;0;0;0;0;0;0;0;0;0;0;0;0;0;0;0;0;0;0;0;0;0;0;0;0;0;
39850000;2;01/08/1992;;1;1;;;6;;;0;0;2;;0;;;;;;;;;;;;;;;;;4,29;3,951;6,23;5,606;4,29;4,466;4,29;3,626;3,47;2,883;2,883;2,745;2,612;2,745;3,169;0;0;0;0;0;0;0;0;0;0;0;0;0;0;0;0;1;1;1;1;1;1;1;1;1;1;1;1;1;1;1;
39850000;2;01/09/1992;;1;1;21,54353;1,887281;6,083108;16;10;1;1;1;;0;3,168583;2,882585;2,882585;3,023692;2,74524;2,611634;2,233037;2,114167;2,114167;1,887281;2,114167;4,11854;6,017738;6,017738;14,2414;21,54353;13,90337;8,581572;5,809631;5,017915;4,830077;8,840034;16,94121;11,36139;8,077482;5,809631;3,786397;3,626165;3,168583;3,023692;;1;1;1;1;1;1;1;1;1;1;1;1;1;1;1;1;1;1;1;1;1;1;1;1;1;1;1;1;1;1;;
39850000;2;01/10/1992;;1;1;2,74524;0,8895466;1,499186;1;18;1;1;1;;0;2,74524;2,611634;2,481747;2,114167;1,998923;1,887281;1,779216;1,779216;1,674703;1,573717;1,20451;1,20451;1,291655;1,291655;1,20451;1,120756;1,120756;0,8895466;1,573717;1,476231;1,38222;1,20451;1,120756;1,120756;1,291655;1,291655;1,38222;1,291655;1,20451;1,120756;1,040364;1;1;1;1;1;1;1;1;1;1;1;1;1;1;1;1;1;1;1;1;1;1;1;1;1;1;1;1;1;1;1;
39850000;2;01/11/1992;;1;1;0,9633042;0,5145404;0,7416554;8;21;1;1;1;;0;0,8895466;0,8895466;0,81906;0,81906;0,7518124;0,7518124;0,8895466;0,9633042;0,9633042;0,9633042;0,8895466;0,81906;0,81906;0,8895466;0,81906;0,6877709;0,6877709;0,6269018;0,5691702;0,5691702;0,5145404;0,5691702;0,6877709;0,6877709;0,6877709;0,6877709;0,6269018;0,6269018;0,5691702;0,5145404;;1;1;1;1;1;1;1;1;1;1;1;1;1;1;1;1;1;1;1;1;1;1;1;1;1;1;1;1;1;1;;
39850000;2;01/12/1992;;1;1;0,9633042;0,3262786;0,5608393;2;28;1;1;1;;0;0,6269018;0,9633042;0,8895466;0,6877709;0,6269018;0,5691702;0,5691702;0,5691702;0,5691702;0,5145404;0,5145404;0,5145404;0,4629753;0,4629753;0,5691702;0,81906;0,8895466;0,81906;0,7518124;0,5691702;0,5691702;0,5691702;0,4629753;0,4144366;0,3688847;0,3688847;0,3688847;0,3262786;0,3262786;0,3262786;0,3262786;1;1;1;1;1;1;1;1;1;1;1;1;1;1;1;1;1;1;1;1;1;1;1;1;1;1;1;1;1;1;1;
39850000;2;01/01/1993;;1;1;0,81906;0,3262786;0,4149981;16;1;1;1;1;;0;0,3262786;0,3688847;0,3688847;0,3688847;0,3688847;0,3688847;0,3688847;0,3688847;0,3688847;0,3688847;0,3688847;0,3688847;0,4629753;0,4629753;0,5691702;0,81906;0,6877709;0,6269018;0,5691702;0,5145404;0,4629753;0,3688847;0,3262786;0,3262786;0,3262786;0,3262786;0,3262786;0,3262786;0,3262786;0,3262786;0,3262786;1;1;1;1;1;1;1;1;1;1;1;1;1;1;1;1;1;1;1;1;1;1;1;1;1;1;1;1;1;1;1;
39850000;2;01/02/1993;;1;1;0,9633042;0,2497309;0,3418273;4;13;1;1;2;;0;0,3262786;0,3262786;0,4144366;0,9633042;0,5691702;0,4144366;0,3688847;0,3688847;0,3262786;0,2865755;0,2865755;0,2865755;0,2497309;0,2865755;0,2865755;0,2865755;0,2865755;0,2865755;0,2865755;0,2497309;0,2497309;0,2865755;0,2865755;0,2865755;0,3262786;0,3262786;0,3262786;0,3262786;;;;1;1;1;1;1;1;1;1;1;1;1;1;1;1;1;1;1;1;1;1;1;1;1;1;2;2;2;2;0;0;;
39850000;2;01/03/1993;;1;1;0,3262786;0,1558732;0,2300421;29;18;1;1;2;;0;0,2865755;0,2865755;0,2865755;0,2865755;0,2497309;0,2497309;0,2497309;0,2497309;0,2497309;0,2156985;0,2156985;0,2156985;0,2156985;0,2156985;0,1844296;0,1844296;0,1844296;0,1558732;0,2156985;0,2156985;0,2156985;0,2156985;0,2156985;0,2156985;0,2156985;0,2156985;0,2156985;0,2156985;0,3262786;0,2156985;0,2497309;2;2;2;2;2;2;2;2;2;2;2;2;2;2;2;2;2;1;1;1;1;1;1;1;1;1;1;1;1;1;1;
39850000;2;01/04/1993;;1;1;0,4629753;0,1844296;0,2609903;22;14;1;1;1;;0;0,2497309;0,2497309;0,2497309;0,2497309;0,2156985;0,2865755;0,2156985;0,2156985;0,2156985;0,2156985;0,2156985;0,2156985;0,2497309;0,1844296;0,2156985;0,2156985;0,2497309;0,2497309;0,2156985;0,2497309;0,3688847;0,4629753;0,3262786;0,3262786;0,2865755;0,2865755;0,2865755;0,2865755;0,2865755;0,2865755;;1;1;1;1;1;1;1;1;1;1;1;1;1;1;1;1;1;1;1;1;1;1;1;1;1;1;1;1;1;1;;
39850000;2;01/05/1993;;1;1;1,476231;0,3262786;0,8223454;2;20;1;1;1;;0;0,4629753;1,476231;1,38222;1,20451;1,120756;0,9633042;0,81906;0,6269018;0,6269018;0,6269018;0,7518124;0,81906;0,81906;0,6877709;0,6269018;0,5691702;0,4629753;0,3688847;0,3688847;0,3262786;0,3688847;0,3688847;0,81906;0,8895466;1,040364;1,040364;1,120756;1,20451;1,20451;1,20451;1,120756;1;1;1;1;1;1;1;1;1;1;1;1;1;1;1;1;1;1;1;1;1;1;1;1;1;1;1;1;1;1;1;
39850000;2;01/06/1993;;1;1;8,327393;0,5145404;2,366311;18;5;1;1;1;;0;0,9633042;0,81906;0,6877709;0,5691702;0,5145404;0,5691702;0,6269018;0,7518124;1,040364;1,674703;3,023692;2,74524;2,611634;2,233037;5,405665;4,290489;7,831823;8,327393;5,209772;2,882585;2,355556;2,114167;1,674703;2,114167;2,355556;1,779216;1,573717;1,476231;1,476231;1,291655;;1;1;1;1;1;1;1;1;1;1;1;1;1;1;1;1;1;1;1;1;1;1;1;1;1;1;1;1;1;1;;
39850000;2;01/07/1993;;1;1;6,666766;0,6269018;2,384052;14;6;1;1;1;;0;1,120756;0,9633042;0,81906;0,7518124;0,6877709;0,6269018;0,6269018;0,6269018;0,6269018;0,6877709;0,9633042;1,674703;1,887281;6,666766;4,290489;4,830077;3,317278;4,11854;5,017915;4,830077;4,830077;4,466383;3,626165;3,023692;2,611634;2,233037;1,779216;1,476231;1,476231;1,573717;1,674703;1;1;1;1;1;1;1;1;1;1;1;1;1;1;1;1;1;1;1;1;1;1;1;1;1;1;1;1;1;1;1;
39850000;2;01/08/1993;;1;1;4,466383;0,5691702;1,93662;1;30;1;1;1;;0;4,466383;4,466383;3,786397;3,168583;3,317278;2,882585;2,481747;2,481747;2,481747;2,481747;2,233037;1,674703;1,476231;1,291655;1,291655;1,291655;1,291655;1,120756;1,040364;0,9633042;0,9633042;0,8895466;1,38222;2,114167;2,481747;2,114167;1,476231;1,040364;0,6877709;0,5691702;0,6269018;1;1;1;1;1;1;1;1;1;1;1;1;1;1;1;1;1;1;1;1;1;1;1;1;1;1;1;1;1;1;1;
39850000;2;01/09/1993;;1;1;0,9633042;0,1066796;0,2854154;1;26;1;1;1;;0;0,9633042;0,4629753;0,4144366;0,4144366;0,4144366;0,5145404;0,4144366;0,3688847;0,3262786;0,2865755;0,2865755;0,2865755;0,2865755;0,2865755;0,2865755;0,2865755;0,2865755;0,2497309;0,2497309;0,2156985;0,1558732;0,1299755;0,1558732;0,1558732;0,1299755;0,1066796;0,1066796;0,1066796;0,1066796;0,1066796;;1;1;1;1;1;1;1;1;1;1;1;1;1;1;1;1;1;1;1;1;1;1;1;1;1;1;1;1;1;1;;
39850000;2;01/10/1993;;1;1;59,7187;1,781484E-02;4,60166;9;4;1;1;1;;0;0,1066796;0,1066796;5,177668E-02;1,781484E-02;8,592509E-02;0,1066796;0,1299755;33,59867;51,31331;19,95202;9,917015;4,466383;3,469799;2,355556;1,887281;1,476231;1,476231;1,674703;1,674703;1,476231;1,38222;0,9633042;0,81906;0,5691702;0,5691702;0,5145404;0,4629753;0,3688847;0,3688847;0,3262786;0,9633042;1;1;1;1;1;1;1;1;1;1;1;1;1;1;1;1;1;1;1;1;1;1;1;1;1;1;1;1;1;1;1;
39850000;2;01/11/1993;;1;1;10,77045;0,1844296;1,383007;2;30;1;1;1;;0;5,405665;10,77045;4,830077;2,882585;1,779216;1,20451;0,9633042;0,7518124;0,6877709;0,7518124;1,120756;1,38222;1,20451;1,120756;0,8895466;0,6269018;0,6877709;0,6269018;0,5145404;0,4629753;0,3688847;0,3262786;0,3262786;0,3262786;0,3262786;0,2865755;0,2497309;0,2156985;0,2156985;0,1844296;;1;1;1;1;1;1;1;1;1;1;1;1;1;1;1;1;1;1;1;1;1;1;1;1;1;1;1;1;1;1;;
39850000;2;01/12/1993;;1;1;0,1558732;0,0269478;8,135989E-02;1;22;1;1;1;;0;0,1558732;0,1558732;0,1299755;0,1299755;0,1066796;0,1066796;0,1299755;0,1299755;0,1558732;0,1299755;0,1299755;0,1299755;0,1066796;8,592509E-02;0,0676473;0,0676473;8,592509E-02;8,592509E-02;5,177668E-02;3,823777E-02;3,823777E-02;0,0269478;3,823777E-02;0,0269478;0,0269478;0,0269478;3,823777E-02;0,0269478;3,823777E-02;0,0269478;0,0269478;1;1;1;1;1;1;1;1;1;1;1;1;1;1;1;1;1;1;1;1;1;1;1;1;1;1;1;1;1;1;1;
39850000;2;01/01/1994;;1;1;5,209772;0,0269478;0,4602018;6;1;1;1;1;;0;0,0269478;0,0269478;0,0269478;0,0269478;0,0269478;5,209772;2,233037;2,114167;1,120756;0,6877709;0,4629753;0,2865755;0,2156985;0,1844296;0,1844296;0,1299755;0,1066796;0,2156985;0,1299755;0,1299755;8,592509E-02;8,592509E-02;8,592509E-02;0,0676473;0,0676473;0,0676473;5,177668E-02;5,177668E-02;5,177668E-02;5,177668E-02;5,177668E-02;1;1;1;1;1;1;1;1;1;1;1;1;1;1;1;1;1;1;1;1;1;1;1;1;1;1;1;1;1;1;1;
39850000;2;01/02/1994;;1;1;5,209772;4,61445E-04;0,2618687;27;13;1;1;1;;0;5,177668E-02;5,177668E-02;5,177668E-02;5,177668E-02;1,781484E-02;1,073485E-02;5,587084E-03;2,225656E-03;2,225656E-03;5,587084E-03;2,225656E-03;2,225656E-03;4,61445E-04;4,61445E-04;4,61445E-04;5,587084E-03;5,587084E-03;5,587084E-03;0,2156985;0,1844296;0,1558732;0,1066796;8,592509E-02;0,1066796;0,1066796;0,0676473;5,209772;0,81906;;;;1;1;1;1;1;1;1;1;1;1;1;1;1;1;1;1;1;1;1;1;1;1;1;1;1;1;1;1;0;0;;
39850000;2;01/03/1994;;1;1;3,469799;0,1066796;0,8193753;29;5;1;1;1;;0;0,3688847;0,2865755;0,1844296;0,1299755;0,1066796;0,3262786;1,476231;1,476231;0,81906;0,6877709;0,4629753;0,4144366;0,5145404;2,611634;2,114167;1,674703;0,4629753;0,2865755;0,5145404;0,3262786;0,2497309;0,1558732;0,2865755;0,4629753;0,5691702;0,4629753;0,4629753;0,4629753;3,469799;1,998923;1,573717;1;1;1;1;1;1;1;1;1;1;1;1;1;1;1;1;1;1;1;1;1;1;1;1;1;1;1;1;1;1;1;
39850000;2;01/04/1994;;1;1;1,476231;0,1066796;0,4114786;1;12;1;1;1;;0;1,476231;1,38222;1,040364;0,81906;0,6877709;0,4629753;0,2865755;0,2156985;0,1558732;0,1844296;0,1844296;0,1066796;0,1844296;0,2497309;0,2156985;0,1558732;0,1066796;0,1066796;0,1066796;0,1066796;0,1066796;0,3688847;0,3688847;0,5145404;0,4144366;0,4629753;0,6269018;0,4629753;0,4144366;0,3688847;;1;1;1;1;1;1;1;1;1;1;1;1;1;1;1;1;1;1;1;1;1;1;1;1;1;1;1;1;1;1;;
39850000;2;01/05/1994;;1;1;5,405665;0,3688847;1,902884;16;3;1;1;1;;0;0,4629753;0,4144366;0,3688847;0,3688847;0,4144366;0,4629753;0,7518124;1,476231;1,674703;2,355556;3,317278;3,023692;2,611634;2,114167;3,023692;5,405665;3,469799;2,74524;2,233037;1,998923;1,573717;1,573717;1,779216;3,023692;2,74524;2,114167;1,998923;1,779216;1,38222;1,20451;1,120756;1;1;1;1;1;1;1;1;1;1;1;1;1;1;1;1;1;1;1;1;1;1;1;1;1;1;1;1;1;1;1;
39850000;2;01/06/1994;;1;1;157,3891;1,120756;22,25908;20;1;1;1;2;;0;1,120756;1,887281;4,646239;20,47617;30,35132;27,86498;16,94121;12,28104;10,48159;10,19712;9,917015;7,831823;5,405665;4,11854;3,317278;3,626165;17,9192;29,09572;32,2812;157,3891;79,29636;44,26087;24,32265;14,2414;12,59652;22,08672;11,97004;24,32265;16,46186;11,06371;;1;1;1;1;1;1;1;1;1;1;1;1;1;1;1;1;1;1;1;1;2;2;2;2;2;2;2;2;2;2;;
39850000;2;01/07/1994;;1;1;;;12;;;0;0;2;;0;;;;;;;8,077;;;;;;;8,077;;;;;;;;;;;;;;;;;;0;0;0;0;0;0;1;0;0;0;0;0;0;1;0;0;0;0;0;0;0;0;0;0;0;0;0;0;0;0;0;
39850000;2;01/08/1994;;1;1;24,32265;3,168583;9,582378;19;31;1;1;1;;0;21,00668;13,24093;9,917015;6,666766;5,809631;4,646239;4,466383;4,11854;3,950516;7,590402;11,06371;7,831823;7,590402;7,353201;8,581572;15,98895;11,66349;11,36139;24,32265;22,08672;21,54353;14,58397;10,19712;7,590402;6,666766;5,605612;4,830077;4,830077;4,830077;3,950516;3,168583;1;1;1;1;1;1;1;1;1;1;1;1;1;1;1;1;1;1;1;1;1;1;1;1;1;1;1;1;1;1;1;
39850000;2;01/09/1994;;1;1;11,97004;1,120756;2,981972;15;30;1;1;1;;0;2,74524;2,481747;1,998923;1,779216;1,573717;1,38222;1,291655;1,476231;1,674703;1,998923;1,476231;1,779216;2,882585;7,353201;11,97004;9,102795;6,017738;4,646239;3,786397;3,469799;2,74524;2,233037;1,998923;1,887281;1,998923;2,114167;1,887281;1,38222;1,20451;1,120756;;1;1;1;1;1;1;1;1;1;1;1;1;1;1;1;1;1;1;1;1;1;1;1;1;1;1;1;1;1;1;;
39850000;2;01/10/1994;;1;1;1,674703;0,1066796;0,5216946;3;30;1;1;1;;0;1,20451;1,20451;1,674703;1,291655;1,040364;0,7518124;0,8895466;0,8895466;0,8895466;0,6877709;0,5691702;0,5145404;0,4144366;0,4144366;0,3688847;0,3688847;0,3262786;0,3262786;0,2865755;0,2497309;0,2865755;0,1844296;0,1844296;0,1844296;0,1844296;0,1299755;0,1558732;0,1558732;0,1299755;0,1066796;0,1066796;1;1;1;1;1;1;1;1;1;1;1;1;1;1;1;1;1;1;1;1;1;1;1;1;1;1;1;1;1;1;1;
39850000;2;01/11/1994;;1;1;;;0,1;;;0;0;2;;0;0,107;0,107;0,107;;;;;;;;;;;;;;;;;;;;;;;;;;;;;1;1;1;0;0;0;0;0;0;0;0;0;0;0;0;0;0;0;0;0;0;0;0;0;0;0;0;0;0;0;;
39850000;2;01/12/1994;;1;1;;;0,09;;;0;0;2;;0;;;;;;;;;;;;;;;;0,369;0,326;0,216;0,184;0,156;0,13;0,107;0,107;0,086;0,068;0,068;0,038;0,038;0,038;0,038;0,038;0;0;0;0;0;0;0;0;0;0;0;0;0;0;0;1;1;1;1;1;1;1;1;1;1;1;1;1;1;1;1;
39850000;2;01/01/1995;;1;1;3,823777E-02;4,61445E-04;1,988985E-02;1;27;1;1;1;;0;3,823777E-02;3,823777E-02;3,823777E-02;3,823777E-02;3,823777E-02;3,823777E-02;3,823777E-02;3,823777E-02;3,823777E-02;3,823777E-02;3,823777E-02;3,823777E-02;1,781484E-02;1,781484E-02;1,781484E-02;1,781484E-02;1,073485E-02;5,587084E-03;5,587084E-03;5,587084E-03;5,587084E-03;5,587084E-03;2,225656E-03;0,0269478;1,073485E-02;5,587084E-03;4,61445E-04;4,61445E-04;4,61445E-04;4,61445E-04;4,61445E-04;1;1;1;1;1;1;1;1;1;1;1;1;1;1;1;1;1;1;1;1;1;1;1;1;1;1;1;1;1;1;1;
39850000;2;01/02/1995;;1;1;1,120756;4,61445E-04;9,383798E-02;11;1;1;1;1;;0;4,61445E-04;4,61445E-04;4,61445E-04;4,61445E-04;4,61445E-04;4,61445E-04;4,61445E-04;4,61445E-04;4,61445E-04;4,61445E-04;1,120756;0,2156985;0,1299755;8,592509E-02;5,177668E-02;5,177668E-02;0,1299755;0,1066796;0,1844296;0,1299755;0,1066796;0,1066796;0,0676473;0,0676473;3,823777E-02;1,781484E-02;5,587084E-03;5,587084E-03;;;;1;1;1;1;1;1;1;1;1;1;1;1;1;1;1;1;1;1;1;1;1;1;1;1;1;1;1;1;0;0;;
39850000;2;01/03/1995;;1;1;0,3688847;0;3,467149E-02;26;17;1;1;1;;0;2,225656E-03;4,61445E-04;4,61445E-04;4,61445E-04;4,61445E-04;4,61445E-04;4,61445E-04;4,61445E-04;4,61445E-04;4,61445E-04;4,61445E-04;4,61445E-04;4,61445E-04;4,61445E-04;4,61445E-04;4,61445E-04;0;0;0;0;0;0;0;0;0;0,3688847;0,3688847;0,1066796;0,0676473;8,592509E-02;0,0676473;1;1;1;1;1;1;1;1;1;1;1;1;1;1;1;1;1;1;1;1;1;1;1;1;1;1;1;1;1;1;1;
39850000;2;01/04/1995;;1;1;7,120205;1,781484E-02;0,6216417;30;5;1;1;1;;0;0,0676473;0,0676473;3,823777E-02;3,823777E-02;1,781484E-02;1,781484E-02;0,2497309;0,1844296;0,1844296;1,20451;0,8895466;1,040364;0,8895466;0,8895466;0,8895466;0,8895466;0,9633042;0,6269018;0,5145404;0,4144366;0,2865755;0,2497309;0,1844296;0,1844296;0,1558732;0,1299755;0,1066796;8,592509E-02;0,0676473;7,120205;;1;1;1;1;1;1;1;1;1;1;1;1;1;1;1;1;1;1;1;1;1;1;1;1;1;1;1;1;1;1;;
39850000;2;01/05/1995;;1;1;6,446289;0,2865755;1,767526;1;13;1;1;1;;0;6,446289;6,229952;4,830077;2,355556;1,476231;1,040364;0,6877709;0,6877709;0,6269018;0,4629753;0,4144366;0,3262786;0,2865755;0,3262786;0,4144366;0,81906;1,887281;3,317278;3,023692;1,998923;1,291655;0,9633042;0,81906;0,81906;0,81906;1,38222;1,476231;2,355556;3,023692;2,611634;1,573717;1;1;1;1;1;1;1;1;1;1;1;1;1;1;1;1;1;1;1;1;1;1;1;1;1;1;1;1;1;1;1;
39850000;2;01/06/1995;;1;1;7,353201;1,040364;3,508493;13;2;1;1;1;;0;1,20451;1,040364;1,120756;1,573717;2,355556;2,882585;2,481747;2,74524;3,168583;6,229952;5,605612;5,809631;7,353201;7,120205;4,830077;3,950516;3,168583;3,023692;1,887281;1,998923;2,481747;3,469799;3,317278;2,882585;3,023692;3,168583;6,666766;4,646239;3,023692;3,023692;;1;1;1;1;1;1;1;1;1;1;1;1;1;1;1;1;1;1;1;1;1;1;1;1;1;1;1;1;1;1;;
39850000;2;01/07/1995;;1;1;26,65918;2,882585;8,821689;4;14;1;1;1;;0;3,626165;7,120205;21,00668;23,19207;10,77045;7,831823;6,229952;5,405665;5,209772;5,209772;3,950516;3,469799;3,168583;2,882585;3,023692;7,120205;8,840034;13,24093;8,327393;8,077482;7,120205;11,06371;18,92283;15,06254;13,24093;13,90337;9,917015;7,120205;7,590402;6,017738;5,809631;1;1;1;1;1;1;1;1;1;1;1;1;1;1;1;1;1;1;1;1;1;1;1;1;1;1;1;1;1;1;1;
39850000;2;01/08/1995;;1;1;4,646239;1,476231;2,343957;1;24;1;1;1;;0;4,646239;4,11854;3,626165;3,317278;2,611634;2,114167;2,114167;2,233037;2,481747;2,611634;2,611634;2,233037;2,114167;2,114167;2,114167;2,114167;1,887281;1,887281;1,887281;1,887281;1,674703;1,674703;1,573717;1,476231;1,476231;1,887281;2,114167;2,355556;2,481747;2,611634;2,611634;1;1;1;1;1;1;1;1;1;1;1;1;1;1;1;1;1;1;1;1;1;1;1;1;1;1;1;1;1;1;1;
39850000;2;01/09/1995;;1;1;2,74524;0,4629753;1,250674;1;30;1;1;1;;0;2,74524;2,355556;2,114167;1,887281;1,674703;1,573717;1,998923;2,114167;2,114167;1,38222;1,040364;1,476231;1,476231;1,38222;1,38222;1,040364;0,9633042;0,9633042;0,8895466;0,8895466;0,6877709;0,6877709;0,6269018;0,6269018;0,6269018;0,6269018;0,6269018;0,5691702;0,5145404;0,4629753;;1;1;1;1;1;1;1;1;1;1;1;1;1;1;1;1;1;1;1;1;1;1;1;1;1;1;1;1;1;1;;
39850000;2;01/10/1995;;1;1;0,4629753;0,0676473;0,2276957;1;25;1;1;1;;0;0,4629753;0,4629753;0,4629753;0,3688847;0,3688847;0,4144366;0,3688847;0,2865755;0,2865755;0,2865755;0,2156985;0,1844296;0,1844296;0,2156985;0,2497309;0,2497309;0,2156985;0,2497309;0,2156985;0,1558732;0,1299755;0,1066796;0,1066796;8,592509E-02;0,0676473;0,0676473;0,0676473;0,1299755;0,1299755;0,1299755;0,1299755;1;1;1;1;1;1;1;1;1;1;1;1;1;1;1;1;1;1;1;1;1;1;1;1;1;1;1;1;1;1;1;
39850000;2;01/11/1995;;1;1;1,573717;0,0269478;0,2602334;25;5;1;1;1;;0;8,592509E-02;5,177668E-02;3,823777E-02;3,823777E-02;0,0269478;3,823777E-02;3,823777E-02;5,177668E-02;5,177668E-02;0,0676473;0,0676473;0,1299755;0,1066796;0,1299755;0,1066796;0,1066796;0,1299755;0,1066796;0,1066796;0,0676473;3,823777E-02;3,823777E-02;0,1066796;0,2497309;1,573717;1,120756;1,040364;0,8895466;0,6877709;0,5145404;;1;1;1;1;1;1;1;1;1;1;1;1;1;1;1;1;1;1;1;1;1;1;1;1;1;1;1;1;1;1;;
39850000;2;01/12/1995;;1;1;0,4629753;4,61445E-04;0,1011683;1;23;1;1;1;;0;0,4629753;0,4144366;0,3262786;0,2865755;0,2865755;0,2156985;0,2497309;0,1844296;0,1299755;0,1066796;8,592509E-02;8,592509E-02;8,592509E-02;0,0676473;1,073485E-02;5,587084E-03;3,823777E-02;0,0269478;1,073485E-02;5,587084E-03;2,225656E-03;2,225656E-03;4,61445E-04;5,587084E-03;5,587084E-03;5,587084E-03;5,587084E-03;5,587084E-03;5,587084E-03;5,587084E-03;5,587084E-03;1;1;1;1;1;1;1;1;1;1;1;1;1;1;1;1;1;1;1;1;1;1;1;1;1;1;1;1;1;1;1;
39850000;2;01/01/1996;;1;1;1,073485E-02;5,587084E-03;8,243998E-03;3;1;1;1;1;;0;5,587084E-03;5,587084E-03;1,073485E-02;1,073485E-02;1,073485E-02;1,073485E-02;1,073485E-02;1,073485E-02;1,073485E-02;1,073485E-02;1,073485E-02;1,073485E-02;1,073485E-02;1,073485E-02;1,073485E-02;1,073485E-02;1,073485E-02;1,073485E-02;5,587084E-03;5,587084E-03;5,587084E-03;5,587084E-03;5,587084E-03;5,587084E-03;5,587084E-03;5,587084E-03;5,587084E-03;5,587084E-03;5,587084E-03;5,587084E-03;5,587084E-03;1;1;1;1;1;1;1;1;1;1;1;1;1;1;1;1;1;1;1;1;1;1;1;1;1;1;1;1;1;1;1;
39850000;2;01/02/1996;;1;1;5,587084E-03;5,587084E-03;5,587084E-03;1;1;1;1;1;;0;5,587084E-03;5,587084E-03;5,587084E-03;5,587084E-03;5,587084E-03;5,587084E-03;5,587084E-03;5,587084E-03;5,587084E-03;5,587084E-03;5,587084E-03;5,587084E-03;5,587084E-03;5,587084E-03;5,587084E-03;5,587084E-03;5,587084E-03;5,587084E-03;5,587084E-03;5,587084E-03;5,587084E-03;5,587084E-03;5,587084E-03;5,587084E-03;5,587084E-03;5,587084E-03;5,587084E-03;5,587084E-03;5,587084E-03;;;1;1;1;1;1;1;1;1;1;1;1;1;1;1;1;1;1;1;1;1;1;1;1;1;1;1;1;1;1;0;;
39850000;2;01/03/1996;;1;1;8,592509E-02;5,587084E-03;1,052373E-02;28;1;1;1;1;;0;5,587084E-03;5,587084E-03;5,587084E-03;5,587084E-03;5,587084E-03;5,587084E-03;5,587084E-03;5,587084E-03;5,587084E-03;5,587084E-03;5,587084E-03;5,587084E-03;5,587084E-03;5,587084E-03;5,587084E-03;5,587084E-03;5,587084E-03;5,587084E-03;5,587084E-03;5,587084E-03;5,587084E-03;5,587084E-03;5,587084E-03;5,587084E-03;5,587084E-03;5,587084E-03;5,587084E-03;8,592509E-02;5,177668E-02;0,0269478;1,073485E-02;1;1;1;1;1;1;1;1;1;1;1;1;1;1;1;1;1;1;1;1;1;1;1;1;1;1;1;1;1;1;1;
39850000;2;01/04/1996;;1;1;101,4459;1,781484E-02;8,138007;29;1;1;1;2;;0;1,781484E-02;3,823777E-02;1,781484E-02;5,177668E-02;0,0269478;1,781484E-02;6,446289;4,290489;1,998923;1,120756;0,7518124;0,5691702;0,5145404;0,4629753;0,4629753;0,6269018;3,023692;4,290489;2,355556;2,355556;1,38222;23,75421;14,2414;7,590402;8,840034;5,017915;4,290489;48,11868;89,52561;11,93873;;1;1;1;1;1;1;1;1;1;1;1;1;1;1;1;1;1;1;1;1;1;1;1;1;1;1;1;1;1;2;;
39850000;2;01/05/1996;;1;1;20,03712;1,618012;6,463466;30;24;1;1;2;;0;8,379794;7,918513;7,918513;8,379794;8,852968;9,834772;12,77545;10,34329;14,52614;12,21476;8,147663;6,60663;5,596804;5,404041;5,991559;5,596804;4,663977;4,312677;3,334747;2,472827;1,964154;1,845376;1,729989;1,618012;1,729989;1,729989;2,086306;2,472827;3,973978;17,34317;10,60194;2;2;2;2;2;2;1;1;1;1;1;1;1;1;1;1;1;1;1;1;1;1;1;1;1;1;1;1;1;1;1;
39850000;2;01/06/1996;;1;1;172,7947;6,60663;25,29076;15;8;1;1;2;;0;20,47617;14,82787;11,93873;10,08757;9,834772;9,584907;8,852968;6,60663;8,147663;8,147663;15,75002;14,22724;12,21476;111,7157;151,9543;117,6209;56,28498;27,25896;18,92283;15,43982;13,93118;13,0601;12,21476;10,86349;9,834772;9,834772;9,834772;9,834772;9,584907;9,834772;;1;1;1;1;1;1;1;1;1;1;1;1;1;1;1;1;2;2;2;2;2;2;2;2;1;1;1;1;1;1;;
39850000;2;01/07/1996;;1;1;57,98995;5,404041;17,06202;18;15;1;1;2;;0;30,35132;18,92283;15,43982;12,49367;11,12796;10,34329;9,834772;9,834772;9,834772;10,86349;9,093998;7,692351;6,817737;5,792646;5,404041;5,792646;22,08672;47,33505;19,43423;18,92283;16,06304;12,49367;15,43982;24,89738;23,19207;18,92283;17,34317;24,32265;18,92283;36,30746;33,59867;2;2;2;2;2;2;1;1;1;1;1;1;1;1;1;1;1;1;1;1;1;1;1;1;1;1;1;1;1;1;1;
39850000;2;01/08/1996;;1;1;67,79137;8,379794;24,9061;4;20;1;1;1;;0;24,89738;30,35132;58,85136;64,1444;49,70398;34,94078;23,75421;18,41781;44,26087;29,72042;18;13,63797;11,12796;8,614898;11,12796;9,834772;9,834772;9,834772;9,337979;8,379794;9,834772;9,584907;9,093998;18,41781;40,55436;41,28352;57,98995;41,28352;24,32265;17,01894;13,93118;1;1;1;1;1;1;1;1;1;1;1;1;1;1;1;1;1;1;1;1;1;1;1;1;1;1;1;1;1;1;1;
39850000;2;01/09/1996;;1;1;9,834772;2,211813;5,578333;1;30;1;1;1;;0;9,834772;9,584907;8,852968;8,147663;7,469185;7,249022;7,249022;7,031869;6,817737;6,60663;6,39856;8,379794;7,469185;5,792646;5,404041;5,404041;5,214367;5,027792;4,663977;4,312677;3,973978;3,809381;3,489754;3,334747;3,182961;2,747066;2,608301;2,608301;2,472827;2,211813;;1;1;1;1;1;1;1;1;1;1;1;1;1;1;1;1;1;1;1;1;1;1;1;1;1;1;1;1;1;1;;
39850000;2;01/10/1996;;1;1;2,747066;0,5486311;1,470647;18;31;1;1;1;;0;2,211813;2,211813;2,086306;2,086306;1,964154;1,845376;1,845376;1,618012;1,618012;1,404372;1,204625;1,204625;1,110019;1,110019;1,110019;1,110019;1,509466;2,608301;2,086306;1,964154;1,729989;1,729989;1,404372;1,204625;1,110019;1,018957;0,9314675;0,7673154;0,6178076;0,6178076;0,5486311;1;1;1;1;1;1;1;1;1;1;1;1;1;1;1;1;1;1;1;1;1;1;1;1;1;1;1;1;1;1;1;
39850000;2;01/11/1996;;1;1;5,792646;0,3638865;1,034033;26;7;1;1;1;;0;0,5486311;0,6178076;0,6178076;0,4832236;0,4216269;0,4216269;0,3638865;0,5486311;0,8475769;1,018957;1,110019;1,110019;1,018957;0,9314675;0,7673154;0,6907144;0,8475769;1,018957;1,110019;1,018957;0,7673154;0,7673154;0,7673154;0,6907144;0,6907144;5,027792;2,608301;1,964154;1,204625;1,018957;;1;1;1;1;1;1;1;1;1;1;1;1;1;1;1;1;1;1;1;1;1;1;1;1;1;1;1;1;1;1;;
39850000;2;01/12/1996;;1;1;0,9314675;2,839067E-02;0,277939;1;20;1;1;2;;0;0,9314675;0,7673154;0,6907144;0,6178076;0,6178076;0,6178076;0,6178076;0,5486311;0,4832236;0,3638865;0,3638865;0,3100524;0,2601792;0,2143279;0,1725671;0,1349749;7,267371E-02;4,820176E-02;4,820176E-02;2,839067E-02;2,839067E-02;4,820176E-02;4,820176E-02;7,267371E-02;7,267371E-02;7,267371E-02;7,267371E-02;7,267371E-02;7,267371E-02;7,267371E-02;7,267371E-02;1;1;1;1;1;1;1;1;1;1;1;1;1;1;1;1;1;1;1;1;2;2;2;2;2;2;2;1;1;1;1;
39850000;2;01/01/1997;;1;1;3,489754;0,0134638;0,6630343;27;5;1;1;1;;0;7,267371E-02;2,839067E-02;2,839067E-02;2,839067E-02;0,0134638;0,0134638;4,820176E-02;7,267371E-02;4,820176E-02;7,267371E-02;7,267371E-02;7,267371E-02;0,6178076;1,618012;0,6907144;0,7673154;0,4832236;0,3638865;0,2601792;0,2143279;0,2601792;0,2601792;0,3100524;0,8475769;0,8475769;2,086306;3,489754;3,03441;1,964154;1,018957;0,8475769;1;1;1;1;1;1;1;1;1;1;1;1;1;1;1;1;1;1;1;1;1;1;1;1;1;1;1;1;1;1;1;
39850000;2;01/02/1997;;1;1;3,647969;0,1349749;1,231101;8;5;1;1;1;;0;0,4832236;0,3100524;0,2143279;0,1725671;0,1349749;0,5486311;1,845376;3,647969;3,489754;2,889107;2,086306;1,110019;1,110019;1,018957;1,018957;0,7673154;0,8475769;1,110019;1,204625;1,204625;1,404372;2,086306;1,404372;1,30275;1,110019;0,8475769;0,6178076;0,4832236;;;;1;1;1;1;1;1;1;1;1;1;1;1;1;1;1;1;1;1;1;1;1;1;1;1;1;1;1;1;0;0;;
39850000;2;01/03/1997;;1;1;15,43982;0,2143279;2,587457;26;3;1;1;1;;0;0,3638865;0,3100524;0,2143279;0,4832236;0,7673154;0,6178076;0,8475769;0,6178076;0,4832236;0,6178076;1,30275;1,204625;1,110019;1,618012;2,340659;1,845376;1,729989;1,30275;1,404372;1,204625;0,6178076;1,729989;4,141747;11,12796;7,692351;14,52614;5,991559;4,141747;3,489754;3,182961;3,182961;1;1;1;1;1;1;1;1;1;1;1;1;1;1;1;1;1;1;1;1;1;1;1;1;1;1;1;1;1;1;1;
39850000;2;01/04/1997;;1;1;11,93873;2,086306;4,742806;1;6;1;1;1;;0;10,86349;8,379794;5,027792;3,489754;3,182961;2,086306;2,211813;2,747066;3,489754;8,379794;5,596804;5,404041;4,663977;3,809381;3,334747;4,663977;5,027792;5,214367;4,663977;4,312677;3,809381;3,182961;3,03441;3,489754;3,182961;4,844325;5,991559;7,692351;6,193533;4,312677;;1;1;1;1;1;1;1;1;1;1;1;1;1;1;1;1;1;1;1;1;1;1;1;1;1;1;1;1;1;1;;
39850000;2;01/05/1997;;1;1;86,39589;4,141747;14,17647;8;1;1;1;1;;0;4,141747;8,379794;24,32265;24,89738;14,22724;9,093998;12,49367;83,31835;30,35132;18;11,12796;9,584907;7,918513;6,60663;5,404041;4,844325;5,404041;9,834772;16,6975;17,34317;13,63797;11,12796;9,834772;12,49367;18;13,3476;11,93873;7,692351;6,39856;5,792646;5,214367;1;1;1;1;1;1;1;1;1;1;1;1;1;1;1;1;1;1;1;1;1;1;1;1;1;1;1;1;1;1;1;
39850000;2;01/06/1997;;1;1;77,32034;2,608301;6,864182;3;21;1;1;1;;0;4,844325;5,027792;51,31331;21,54353;14,22724;9,337979;7,249022;5,404041;4,844325;4,312677;3,647969;3,334747;3,03441;2,747066;5,404041;5,027792;3,973978;3,334747;3,182961;2,889107;2,608301;3,182961;4,141747;5,404041;4,844325;3,809381;3,03441;2,608301;4,141747;7,469185;;1;1;1;1;1;1;1;1;1;1;1;1;1;1;1;1;1;1;1;1;1;1;1;1;1;1;1;1;1;1;;
39850000;2;01/07/1997;;1;1;30,35132;5,027792;13,72178;12;3;1;1;1;;0;9,584907;7,249022;5,027792;7,469185;15,43982;8,147663;7,692351;5,991559;5,027792;6,193533;28,47724;30,35132;24,89738;13,93118;9,834772;8,852968;11,93873;16,06304;19,95202;29,72042;17,67019;13,3476;13,63797;13,63797;13,0601;12,49367;9,834772;9,337979;8,852968;11,93873;29,72042;1;1;1;1;1;1;1;1;1;1;1;1;1;1;1;1;1;1;1;1;1;1;1;1;1;1;1;1;1;1;1;
39850000;2;01/08/1997;;1;1;25,47838;5,027792;12,63558;19;30;1;1;1;;0;19,95202;14,22724;11,12796;9,584907;10,86349;13,63797;13,63797;16,6975;15,75002;10,86349;9,584907;13,0601;14,22724;10,86349;9,337979;19,43423;24,89738;24,32265;25,47838;19,43423;14,82787;11,66558;9,584907;7,918513;7,469185;6,39856;5,991559;5,404041;5,404041;5,027792;5,027792;1;1;1;1;1;1;1;1;1;1;1;1;1;1;1;1;1;1;1;1;1;1;1;1;1;1;1;1;1;1;1;
39850000;2;01/09/1997;;1;1;4,663977;0,6178076;1,940103;1;30;1;1;1;;0;4,663977;4,312677;4,312677;3,809381;3,489754;3,03441;2,889107;2,747066;2,608301;2,340659;1,964154;1,729989;1,618012;1,618012;1,618012;1,509466;1,404372;1,404372;1,30275;1,110019;1,110019;1,110019;1,110019;0,9314675;0,7673154;0,7673154;0,7673154;0,7673154;0,7673154;0,6178076;;1;1;1;1;1;1;1;1;1;1;1;1;1;1;1;1;1;1;1;1;1;1;1;1;1;1;1;1;1;1;;
39850000;2;01/10/1997;;1;1;1,110019;0,3100524;0,5868518;10;27;1;1;1;;0;0,6178076;0,6178076;0,6178076;0,5486311;0,4832236;0,5486311;0,6907144;0,7673154;0,8475769;1,110019;0,9314675;0,9314675;0,7673154;0,6907144;0,6178076;0,6178076;0,6178076;0,6178076;0,5486311;0,5486311;0,4832236;0,5486311;0,4832236;0,4832236;0,4832236;0,4216269;0,3100524;0,3100524;0,3100524;0,3100524;0,3100524;1;1;1;1;1;1;1;1;1;1;1;1;1;1;1;1;1;1;1;1;1;1;1;1;1;1;1;1;1;1;1;
39850000;2;01/11/1997;;1;1;0,8475769;0,1016414;0,3443374;19;9;1;1;1;;0;0,3100524;0,2601792;0,2601792;0,2601792;0,1725671;0,1725671;0,1725671;0,1349749;0,1016414;0,1016414;0,1016414;0,1016414;0,1016414;0,1016414;0,1016414;0,1016414;0,2143279;0,3638865;0,8475769;0,7673154;0,7673154;0,7673154;0,6907144;0,6178076;0,6178076;0,5486311;0,4216269;0,3638865;0,3638865;0,4216269;;1;1;1;1;1;1;1;1;1;1;1;1;1;1;1;1;1;1;1;1;1;1;1;1;1;1;1;1;1;1;;
39850000;2;01/12/1997;;1;1;3,182961;0,1016414;0,6928877;28;10;1;1;1;;0;0,3638865;0,3100524;0,3100524;0,3100524;0,2601792;0,2143279;0,1725671;0,1349749;0,1349749;0,1016414;0,1016414;0,1016414;0,1016414;0,1016414;0,1016414;0,1016414;0,1016414;0,1016414;0,1016414;0,4216269;0,3638865;0,7673154;0,6907144;0,6907144;0,6907144;0,6907144;2,340659;3,182961;2,889107;2,340659;3,182961;1;1;1;1;1;1;1;1;1;1;1;1;1;1;1;1;1;1;1;1;1;1;1;1;1;1;1;1;1;1;1;
39850000;2;01/01/1998;;1;1;2,747066;0,3638865;0,9752148;1;18;1;1;1;;0;2,747066;2,747066;1,964154;1,509466;1,30275;1,110019;1,018957;0,8475769;0,7673154;0,6907144;0,5486311;0,5486311;0,5486311;0,5486311;0,5486311;0,5486311;0,4216269;0,3638865;0,4216269;0,3638865;0,4216269;0,5486311;0,7673154;1,110019;1,404372;1,30275;1,204625;1,110019;0,9314675;0,9314675;0,9314675;1;1;1;1;1;1;1;1;1;1;1;1;1;1;1;1;1;1;1;1;1;1;1;1;1;1;1;1;1;1;1;
39850000;2;01/02/1998;;1;1;0,9314675;0,1725671;0,4859691;1;17;1;1;1;;0;0,9314675;0,9314675;0,9314675;0,9314675;0,9314675;0,9314675;0,7673154;0,6907144;0,5486311;0,5486311;0,4832236;0,4216269;0,3638865;0,3100524;0,2601792;0,2143279;0,1725671;0,1725671;0,1725671;0,1725671;0,2143279;0,2601792;0,3100524;0,3638865;0,3638865;0,3638865;0,4216269;0,4216269;;;;1;1;1;1;1;1;1;1;1;1;1;1;1;1;1;1;1;1;1;1;1;1;1;1;1;1;1;1;0;0;;
39850000;2;01/03/1998;;1;1;0,9314675;0,1725671;0,3530148;11;15;1;1;1;;0;0,4216269;0,4216269;0,4216269;0,4216269;0,3638865;0,3638865;0,3638865;0,3638865;0,3638865;0,8475769;0,9314675;0,4216269;0,3100524;0,2143279;0,1725671;0,1725671;0,2143279;0,2601792;0,2601792;0,2601792;0,2601792;0,2143279;0,2143279;0,2143279;0,1725671;0,1725671;0,2143279;0,2601792;0,4832236;0,5486311;0,6178076;1;1;1;1;1;1;1;1;1;1;1;1;1;1;1;1;1;1;1;1;1;1;1;1;1;1;1;1;1;1;1;
39850000;2;01/04/1998;;1;1;3,973978;0,5486311;1,180402;27;21;1;1;1;;0;0,9314675;0,9314675;0,9314675;0,8475769;0,9314675;0,9314675;0,9314675;0,9314675;0,7673154;0,8475769;0,8475769;0,7673154;0,7673154;0,7673154;0,6907144;0,6178076;0,6907144;0,6907144;0,6178076;0,6178076;0,5486311;0,5486311;0,6178076;1,618012;1,964154;2,889107;3,973978;2,889107;2,340659;1,964154;;1;1;1;1;1;1;1;1;1;1;1;1;1;1;1;1;1;1;1;1;1;1;1;1;1;1;1;1;1;1;;
39850000;2;01/05/1998;;1;1;8,379794;1,110019;3,707886;11;6;1;1;1;;0;1,729989;1,509466;1,404372;1,30275;1,204625;1,110019;1,110019;1,110019;1,729989;3,809381;8,379794;6,817737;5,596804;4,663977;4,312677;5,027792;4,844325;4,844325;5,792646;6,39856;5,214367;4,486757;3,973978;3,647969;3,647969;3,973978;3,647969;3,334747;3,334747;3,334747;3,647969;1;1;1;1;1;1;1;1;1;1;1;1;1;1;1;1;1;1;1;1;1;1;1;1;1;1;1;1;1;1;1;
39850000;2;01/06/1998;;1;1;15,13243;3,03441;5,117883;7;4;1;1;1;;0;3,973978;3,809381;3,334747;3,03441;3,03441;5,027792;15,13243;11,12796;8,147663;7,031869;6,193533;5,596804;4,844325;4,663977;4,312677;5,214367;5,596804;4,844325;4,312677;4,141747;3,809381;3,647969;3,809381;4,141747;4,312677;4,141747;3,647969;3,647969;3,973978;5,027792;;1;1;1;1;1;1;1;1;1;1;1;1;1;1;1;1;1;1;1;1;1;1;1;1;1;1;1;1;1;1;;
39850000;2;01/07/1998;;1;1;26,65918;2,086306;5,772308;28;12;1;1;1;;0;7,918513;6,193533;5,027792;4,844325;4,312677;4,312677;4,141747;3,647969;3,489754;3,334747;2,340659;2,086306;2,086306;3,334747;4,141747;4,486757;3,809381;3,647969;3,489754;3,334747;3,334747;5,214367;5,214367;3,809381;3,973978;11,39532;19,43423;22,63624;9,834772;7,918513;6,193533;1;1;1;1;1;1;1;1;1;1;1;1;1;1;1;1;1;1;1;1;1;1;1;1;1;1;1;1;1;1;1;
39850000;2;01/08/1998;;1;1;9,834772;2,608301;5,131489;20;7;1;1;1;;0;4,844325;4,141747;3,973978;3,647969;3,334747;3,03441;2,608301;2,608301;4,844325;5,991559;3,647969;3,03441;2,889107;6,193533;7,249022;7,469185;7,249022;7,918513;7,031869;9,834772;9,584907;7,469185;6,39856;5,792646;5,991559;4,844325;4,486757;3,973978;3,489754;2,889107;2,608301;1;1;1;1;1;1;1;1;1;1;1;1;1;1;1;1;1;1;1;1;1;1;1;1;1;1;1;1;1;1;1;
39850000;2;01/09/1998;;1;1;2,889107;0,3638865;1,455841;2;30;1;1;1;;0;2,608301;2,889107;2,608301;2,472827;2,211813;1,964154;1,729989;1,845376;1,964154;1,729989;1,404372;1,404372;1,845376;2,472827;1,729989;1,729989;1,729989;1,404372;1,110019;0,9314675;0,8475769;0,6907144;0,6907144;0,5486311;0,5486311;0,5486311;0,6178076;0,5486311;0,4832236;0,3638865;;1;1;1;1;1;1;1;1;1;1;1;1;1;1;1;1;1;1;1;1;1;1;1;1;1;1;1;1;1;1;;
39850000;2;01/10/1998;;1;1;0,364;0;0,133;1;20;1;1;1;;0;0,364;0,364;0,364;0,364;0,364;0,364;0,31;0,26;0,26;0,26;0,214;0,173;0,135;0,102;0,073;0,048;0,048;0,028;0,013;0;0;0;0;0;0;0;0;0;0;0;0;1;1;1;1;1;1;1;1;1;1;1;1;1;1;1;1;1;1;1;4;4;4;4;4;4;4;4;4;4;4;4;
39850000;2;01/11/1998;;1;1;0;0;0;1;1;1;1;1;;0;0;0;0;0;0;0;0;0;0;0;0;0;0;0;0;0;0;0;0;0;0;0;0;0;0;0;0;0;0;0;;4;4;4;4;4;4;4;4;4;4;4;4;4;4;4;4;4;4;4;4;4;4;4;4;4;4;4;4;4;4;;
39850000;2;01/12/1998;;1;1;0;0;0;1;1;1;1;1;;0;0;0;0;0;0;0;0;0;0;0;0;0;0;0;0;0;0;0;0;0;0;0;0;0;0;0;0;0;0;0;0;4;4;4;4;4;4;4;4;4;4;4;4;4;4;4;4;4;4;4;4;4;4;4;4;4;4;4;4;4;4;4;
39850000;2;01/01/1999;;1;1;0;0;0;1;1;1;1;1;;0;0;0;0;0;0;0;0;0;0;0;0;0;0;0;0;0;0;0;0;0;0;0;0;0;0;0;0;0;0;0;0;4;4;4;4;4;4;4;4;4;4;4;4;4;4;4;4;4;4;4;4;4;4;4;4;4;4;4;4;4;4;4;
39850000;2;01/02/1999;;1;1;2,889;0;0,182;13;1;1;1;1;;0;0;0;0;0;0;0;0;0;0;0;0;0;2,889;1,404;0,422;0,214;0,135;0,028;0,004;0;0;0;0;0;0;0;0;0;;;;4;4;4;4;4;4;4;4;4;4;4;4;1;1;1;1;1;1;1;4;4;4;4;4;4;4;4;4;0;0;;
39850000;2;01/03/1999;;1;1;44,261;0;1,222;19;1;1;1;1;;0;0;0;0;0;0;0;0;0;0;0;0;0;0;0;0;0;0;0;33,599;3,809;0,214;0,26;0;0;0;0;0;0;0;0;0;4;4;4;4;4;4;4;4;4;4;4;4;4;4;4;4;4;4;1;1;1;1;4;4;4;4;4;4;4;4;4;
39850000;2;01/04/1999;;1;1;0;0;0;1;1;1;1;1;;0;0;0;0;0;0;0;0;0;0;0;0;0;0;0;0;0;0;0;0;0;0;0;0;0;0;0;0;0;0;0;;4;4;4;4;4;4;4;4;4;4;4;4;4;4;4;4;4;4;4;4;4;4;4;4;4;4;4;4;4;4;;
39850000;2;01/05/1999;;1;1;1,303;0;0,146;17;1;1;1;1;;0;0;0;0;0;0;0;0;0;0;0;0;0;0;0;0;0;1,303;1,019;0,618;0,483;0;0;0;0;0;0,618;0,483;0;0;0;0;4;4;4;4;4;4;4;4;4;4;4;4;4;4;4;4;1;1;1;1;4;4;4;4;4;1;1;4;4;4;4;
39850000;2;01/06/1999;;1;1;1,018957;4,820176E-02;0,4089622;12;4;1;2;2;;0;0,1725671;0,1016414;7,267371E-02;4,820176E-02;0,6178076;0,6178076;0,4832236;0,4216269;0,3100524;0,2601792;0,6178076;0,9314675;0,8475769;0,6907144;0,6178076;0,7673154;0,7673154;0,7673154;0,6907144;0,5486311;0,4832236;0,3638865;0,3100524;0,2143279;0,1725671;0,1016414;7,267371E-02;4,820176E-02;4,820176E-02;0,1016414;;2;2;2;2;1;1;2;2;2;2;1;1;1;1;1;1;1;1;1;2;2;2;2;2;2;2;1;1;1;1;;
39850000;2;01/07/1999;;1;1;3,809381;0,0134638;1,317624;20;1;1;1;1;;0;0,0134638;0,0134638;0,0134638;0,0134638;0,0134638;0,3638865;1,845376;3,182961;1,618012;1,204625;0,8475769;1,018957;2,211813;1,729989;1,018957;1,018957;1,110019;1,509466;3,182961;3,809381;2,889107;2,086306;1,509466;1,204625;1,110019;1,110019;1,110019;0,9314675;0,9314675;1,018957;1,204625;1;1;1;1;1;1;1;1;1;1;1;1;1;1;1;1;1;1;1;1;1;1;1;1;1;1;1;1;1;1;1;
39850000;2;01/08/1999;;1;1;2,747066;0,4216269;1,009488;4;13;1;1;1;;0;0,8475769;0,8475769;1,018957;2,747066;1,964154;1,618012;1,204625;0,8475769;0,7673154;0,6907144;0,7673154;0,5486311;0,4216269;0,4216269;0,4216269;0,6178076;0,6178076;0,6907144;0,8475769;0,7673154;0,6907144;0,7673154;0,7673154;1,110019;0,9314675;0,9314675;1,110019;1,110019;1,618012;1,618012;1,964154;1;1;1;1;1;1;1;1;1;1;1;1;1;1;1;1;1;1;1;1;1;1;1;1;1;1;1;1;1;1;1;
39850000;2;01/09/1999;;1;1;3,03441;0,3638865;1,336429;2;15;1;1;1;;0;2,472827;3,03441;2,889107;2,608301;2,340659;1,845376;1,509466;1,30275;1,110019;0,8475769;0,6907144;0,6907144;0,6178076;0,5486311;0,3638865;0,3638865;0,3638865;0,8475769;0,8475769;1,204625;1,204625;0,9314675;0,6907144;0,6178076;0,5486311;0,7673154;1,110019;2,889107;2,747066;2,086306;;1;1;1;1;1;1;1;1;1;1;1;1;1;1;1;1;1;1;1;1;1;1;1;1;1;1;1;1;1;1;;
39850000;2;01/10/1999;;1;1;9,834772;0,3638865;2,808912;9;6;1;1;1;;0;1,404372;1,204625;0,8475769;0,6178076;0,6178076;0,3638865;0,6907144;3,489754;9,834772;6,39856;4,312677;3,334747;5,404041;8,379794;5,596804;4,663977;3,809381;2,747066;2,472827;1,964154;1,729989;1,509466;1,204625;0,8475769;0,6178076;0,7673154;1,30275;3,647969;3,334747;2,340659;1,618012;1;1;1;1;1;1;1;1;1;1;1;1;1;1;1;1;1;1;1;1;1;1;1;1;1;1;1;1;1;1;1;
39850000;2;01/11/1999;;1;1;12,21476;2,839067E-02;1,694286;18;17;1;1;2;;0;1,30275;1,404372;2,472827;3,03441;2,608301;1,964154;1,618012;1,30275;1,110019;0,8475769;0,5486311;0,4832236;0,3638865;0,2601792;0,1725671;7,267371E-02;2,839067E-02;12,21476;5,027792;3,973978;2,889107;2,086306;1,509466;1,204625;0,8475769;0,5486311;0,3638865;0,2601792;0,1725671;0,1349749;;1;1;1;1;1;1;1;1;1;1;1;1;1;1;1;1;1;1;1;1;1;1;1;1;1;1;2;2;2;2;;
39850000;2;01/12/1999;;1;1;3,974;0;0,423;17;1;1;1;1;;0;0;0;0;0;0;0;0;0;0;0;0;0;0;0;0;0;3,335;1,019;0,848;0,618;0,483;0,848;0,931;0,931;0,931;0,767;0,618;0,483;0,483;0,549;0,26;4;4;4;4;4;4;4;4;4;4;4;4;4;4;4;4;1;1;1;1;1;1;1;1;1;1;1;1;1;1;1;
39850000;2;01/01/2000;;1;1;4,313;0;0,595;22;1;1;1;1;;0;0;0;0;0;0;0;0;0;0;0,31;0,483;0,767;0,691;0,691;2,086;0,549;0,422;0,691;0,549;0,364;2,212;4,313;1,303;1,11;0,848;0,549;0,31;0,135;0,048;0,013;0,004;4;4;4;4;4;4;4;4;4;1;1;1;1;1;1;1;1;1;1;1;1;1;1;1;1;1;1;1;1;2;2;
39850000;2;01/02/2000;;1;1;5,028;0;0,471;23;1;1;1;1;;0;0;0,048;1,509;1,205;0,422;0;0;0;0;0;0;0;0;0;0;0;0;0;0;0;0;0;5,028;3,034;1,205;0,691;0,364;0,135;0,028;;;2;1;1;1;1;1;4;4;4;4;4;4;4;4;4;4;4;4;4;4;4;4;1;1;1;1;1;1;1;0;;
39850000;2;01/03/2000;;1;1;17,019;0;0,876;14;2;1;1;1;;0;0,013;0;0;0;0;0;0;0;0;0;0;0;0;17,019;2,889;2,086;1,019;0,549;0,364;2,341;0,422;0,214;0,135;0,028;0,048;0,028;0,004;0;0;0;0;1;4;4;4;4;4;4;4;4;4;4;4;4;1;1;1;1;1;1;1;1;1;1;1;1;2;2;2;2;2;2;
39850000;2;01/04/2000;;1;1;17,343;;2,125;19;2;1;2;1;;0;0;0;0;0,073;0,422;0,364;0,26;0,173;0,931;0,931;0,549;0,483;0,931;1,019;1,205;1,509;6,818;6,818;17,343;9,338;3,809;2,341;1,509;1,019;0,767;0,931;1,205;1,205;1,019;0,767;;2;2;2;1;1;1;1;1;1;1;1;1;1;1;1;1;1;1;1;1;1;1;1;1;1;1;1;1;1;1;;
39850000;2;01/05/2000;;1;1;4,486757;0,2601792;1,610297;7;31;1;1;1;;0;0,6178076;0,7673154;0,8475769;1,845376;3,182961;2,889107;3,973978;3,647969;3,489754;3,03441;1,964154;1,509466;1,30275;1,30275;2,086306;2,086306;1,845376;2,211813;2,086306;1,729989;1,204625;0,9314675;0,8475769;0,7673154;0,7673154;0,7673154;0,6178076;0,5486311;0,4216269;0,3638865;0,2601792;1;1;1;1;1;1;1;1;1;1;1;1;1;1;1;1;1;1;1;1;1;1;1;1;1;1;1;1;1;1;1;
39850000;2;01/06/2000;;1;1;13,3476;0,1725671;4,467522;27;5;1;1;1;;0;0,2143279;0,3100524;0,3100524;0,2601792;0,2601792;2,086306;7,031869;7,249022;8,852968;7,031869;5,596804;4,486757;3,647969;3,489754;4,312677;4,663977;5,027792;4,141747;7,031869;5,404041;4,663977;3,647969;2,889107;2,747066;2,608301;3,973978;12,77545;8,852968;5,792646;4,663977;;1;1;1;1;1;1;1;1;1;1;1;1;1;1;1;1;1;1;1;1;1;1;1;1;1;1;1;1;1;1;;
39850000;2;01/07/2000;;1;1;79,29636;2,472827;9,975039;27;25;1;1;1;;0;5,027792;8,379794;7,692351;8,147663;9,093998;12,49367;8,379794;6,817737;5,404041;4,844325;5,991559;9,584907;9,093998;9,093998;10,60194;13,3476;9,584907;7,249022;5,596804;4,486757;3,809381;3,334747;3,334747;3,03441;2,608301;2,889107;65,04729;19,95202;11,12796;8,852968;24,32265;1;1;1;1;1;1;1;1;1;1;1;1;1;1;1;1;1;1;1;1;1;1;1;1;1;1;1;1;1;1;1;
39850000;2;01/08/2000;;1;1;157,3891;2,211813;18,50271;1;31;1;1;1;;0;124,8948;67,79137;29,09572;22,08672;15,75002;74,40011;30,35132;23,19207;24,32265;18;14,82787;11,39532;10,08757;9,834772;9,834772;10,60194;8,379794;7,249022;8,614898;8,147663;7,249022;5,596804;5,027792;4,663977;4,141747;3,647969;3,489754;3,334747;2,889107;2,472827;2,211813;1;1;1;1;1;1;1;1;1;1;1;1;1;1;1;1;1;1;1;1;1;1;1;1;1;1;1;1;1;1;1;
39850000;2;01/09/2000;;1;1;226,2602;1,845376;18,18974;17;2;1;1;1;;0;1,964154;1,845376;1,845376;1,964154;2,211813;3,182961;4,844325;8,147663;8,852968;8,614898;5,991559;5,792646;4,844325;4,141747;3,973978;14,82787;210,2978;75,36767;42,76007;24,89738;17,34317;15,43982;14,22724;9,834772;8,147663;7,249022;5,596804;5,792646;7,692351;18;;1;1;1;1;1;1;1;1;1;1;1;1;1;1;1;1;1;1;1;1;1;1;1;1;1;1;1;1;1;1;;
39850000;2;01/10/2000;;1;1;13,0601;0,2143279;2,34919;1;31;1;1;1;;0;11,39532;7,469185;5,027792;4,663977;6,817737;6,817737;4,663977;2,340659;2,086306;1,845376;1,729989;1,845376;2,340659;2,472827;1,964154;1,618012;1,204625;0,8475769;0,7673154;0,6907144;0,5486311;0,5486311;0,5486311;0,4832236;0,4216269;0,3100524;0,3100524;0,3100524;0,2601792;0,2601792;0,2143279;1;1;1;1;1;1;1;1;1;1;1;1;1;1;1;1;1;1;1;1;1;1;1;1;1;1;1;1;1;1;1;
39850000;2;01/11/2000;;1;1;4,312677;0,0134638;0,4446704;11;28;1;1;1;;0;0,2143279;0,2143279;0,2143279;0,2601792;0,2143279;0,1349749;0,1349749;7,267371E-02;0,2601792;1,729989;3,647969;1,404372;0,8475769;0,4832236;0,4832236;0,4216269;0,3100524;0,2601792;0,2601792;0,2601792;0,3638865;0,3100524;0,2601792;0,2143279;0,1725671;0,1016414;4,820176E-02;0,0134638;0,0134638;0,0134638;;1;1;1;1;1;1;1;1;1;1;1;1;1;1;1;1;1;1;1;1;1;1;1;1;1;1;1;1;1;1;;
39850000;2;01/12/2000;;1;1;14,227;0;1,295;17;2;1;1;1;;0;0,013;0;0;0;0;0;0;0;0;0;0;0;0;0;0,691;3,335;13,638;8,853;5,404;2,889;1,845;1,019;0,549;0,422;0,364;0,364;0,31;0,26;0,135;0,048;0;1;4;4;4;4;4;4;4;4;4;4;4;4;4;1;1;1;1;1;1;1;1;1;1;1;1;1;1;1;1;1;
39850000;2;01/01/2001;;1;1;0;0;0;1;1;1;1;1;;0;0;0;0;0;0;0;0;0;0;0;0;0;0;0;0;0;0;0;0;0;0;0;0;0;0;0;0;0;0;0;0;4;4;4;4;4;4;4;4;4;4;4;4;4;4;4;4;4;4;4;4;4;4;4;4;4;4;4;4;4;4;4;
39850000;2;01/02/2001;;1;1;0;0;0;1;1;1;1;1;;0;0;0;0;0;0;0;0;0;0;0;0;0;0;0;0;0;0;0;0;0;0;0;0;0;0;0;0;0;;;;4;4;4;4;4;4;4;4;4;4;4;4;4;4;4;4;4;4;4;4;4;4;4;4;4;4;4;4;0;0;;
39850000;2;01/03/2001;;1;1;0;0;0;1;1;1;1;1;;0;0;0;0;0;0;0;0;0;0;0;0;0;0;0;0;0;0;0;0;0;0;0;0;0;0;0;0;0;0;0;0;4;4;4;4;4;4;4;4;4;4;4;4;4;4;4;4;4;4;4;4;4;4;4;4;4;4;4;4;4;4;4;
39850000;2;01/04/2001;;1;1;0,214;0;0,012;12;1;1;1;1;;0;0;0;0;0;0;0;0;0;0;0;0;0,214;0,135;0;0;0;0;0;0;0;0;0;0;0;0;0;0;0;0;0;;4;4;4;4;4;4;4;4;4;4;4;1;1;4;4;4;4;4;4;4;4;4;4;4;4;4;4;4;4;4;;
39850000;2;01/05/2001;;1;1;0,483;0;0,115;1;13;1;1;1;;0;0,483;0,364;0,364;0,422;0,422;0,364;0,26;0,214;0,173;0,135;0,073;0,028;0;0;0;0;0;0;0;0;0;0;0;0;0;0;0;0;0;0;0,26;1;1;1;1;1;1;1;1;1;1;1;1;4;4;4;4;4;4;4;4;4;4;4;4;4;4;4;4;4;4;1;
39850000;2;01/06/2001;;1;1;118,819;0;7,389;27;1;1;1;1;;0;0;0;0,135;0,31;0,31;0,691;0,691;0,931;1,73;2,747;3,335;5,214;13,06;42,76;13,06;6,818;4,664;3,648;2,889;1,964;1,73;1,618;2,747;2,212;2,212;2,212;46,557;33,599;14,227;9,585;;1;1;1;1;1;1;1;1;1;1;1;1;1;1;1;1;1;1;1;1;1;1;1;1;1;1;1;1;1;1;;
39850000;2;01/07/2001;;1;1;45,02036;5,027792;12,63008;16;14;1;1;1;;0;17,34317;17,67019;15,13243;10,86349;9,584907;13,3476;13,0601;12,49367;11,66558;11,66558;10,08757;7,469185;5,991559;5,027792;7,469185;43,50744;23,75421;14,52614;14,22724;13,63797;13,0601;12,77545;11,12796;9,093998;8,614898;9,093998;9,584907;9,584907;9,337979;9,337979;11,39532;1;1;1;1;1;1;1;1;1;1;1;1;1;1;1;1;1;1;1;1;1;1;1;1;1;1;1;1;1;1;1;
39850000;2;01/08/2001;;1;1;69,65021;3,182961;15,50382;15;30;1;2;2;;0;9,584907;6,817737;17,01894;15,13243;11,39532;8,614898;11,66558;16,37887;18;19,95202;18,92283;18;18;23,75421;60,59199;42,76007;32,2812;30,35132;24,32265;12,49367;9,834772;8,614898;7,249022;6,60663;6,193533;5,596804;5,027792;4,312677;3,647969;3,182961;4,312677;1;1;1;1;1;1;1;1;1;1;1;1;1;1;1;1;1;1;1;2;1;1;1;1;1;1;1;1;1;1;1;
39850000;2;01/09/2001;;1;1;3,973978;0,1725671;1,207788;1;30;1;1;1;;0;3,809381;3,182961;2,889107;2,608301;2,747066;2,608301;2,211813;1,964154;1,618012;1,618012;1,404372;1,018957;0,9314675;0,7673154;0,6907144;0,6178076;0,6178076;0,6178076;0,4832236;0,4832236;0,3638865;0,3638865;0,3638865;0,3638865;0,3638865;0,3638865;0,3638865;0,3638865;0,2601792;0,1725671;;1;1;1;1;1;1;1;1;1;1;1;1;1;1;1;1;1;1;1;1;1;1;1;1;1;1;1;1;1;1;;
39850000;2;01/10/2001;;1;1;30,35132;0,0134638;2,068626;13;8;1;1;1;;0;0,1725671;0,1349749;0,1016414;0,1016414;0,1016414;4,820176E-02;2,839067E-02;0,0134638;0,0134638;0,0134638;0,0134638;0,4832236;23,19207;6,60663;5,596804;5,027792;4,486757;3,809381;2,747066;1,845376;1,618012;1,110019;0,7673154;0,6178076;0,5486311;0,5486311;0,5486311;0,5486311;0,7673154;1,404372;1,110019;1;1;1;1;1;1;1;1;1;1;1;1;1;1;1;1;1;1;1;1;1;1;1;1;1;1;1;1;1;1;1;
39850000;2;01/11/2001;;1;1;0,767;0;0,116;1;10;1;1;1;;0;0,767;0,618;0,549;0,422;0,364;0,31;0,214;0,173;0,028;0;0;0;0;0;0;0;0;0;0;0;0;0;0;0;0;0;0;0,013;0,013;0,013;;1;1;1;1;1;1;1;1;1;4;4;4;4;4;4;4;4;4;4;4;4;4;4;4;4;4;1;1;1;1;;
39850000;2;01/12/2001;;1;1;0,0134638;0,0134638;0,0134638;1;1;1;1;1;;0;0,0134638;0,0134638;0,0134638;0,0134638;0,0134638;0,0134638;0,0134638;0,0134638;0,0134638;0,0134638;0,0134638;0,0134638;0,0134638;0,0134638;0,0134638;0,0134638;0,0134638;0,0134638;0,0134638;0,0134638;0,0134638;0,0134638;0,0134638;0,0134638;0,0134638;0,0134638;0,0134638;0,0134638;0,0134638;0,0134638;0,0134638;1;1;1;1;1;1;1;1;1;1;1;1;1;1;1;1;1;1;1;1;1;1;1;1;1;1;1;1;1;1;1;
39850000;2;01/01/2002;;1;1;22,63624;0,0134638;5,085583;23;1;0;0;1;;0;0,0134638;0,0134638;0,2143279;0,9747643;1,30275;5,214367;13,3476;4,399324;3,258451;3,334747;2,961352;6,092164;9,834772;5,120692;4,226817;3,411849;2,608301;2,211813;5,120692;8,496975;4,75376;8,852968;21,27431;12,35386;8,496975;5,404041;4,663977;3,489754;2,677273;1,964154;1,563309;1;1;1;1;1;1;1;1;1;1;1;1;1;1;1;1;1;1;1;1;1;1;1;1;1;1;1;1;1;1;1;
39850000;2;01/02/2002;;1;1;13,63797;0,0134638;2,23644;15;27;0;0;1;;0;1,15688;0,9747643;0,7285553;0,5827507;1,353126;2,472827;1,618012;1,253249;1,064043;0,5827507;0,5486311;0,653797;5,792646;8,379794;11,12796;7,692351;4,399324;3,108281;2,086306;1,729989;1,729989;1,563309;1,018957;0,6178076;0,284617;7,267371E-02;0,0134638;0,0134638;;;;1;1;1;1;1;1;1;1;1;1;1;1;1;1;1;1;1;1;1;1;1;1;1;1;1;1;1;1;0;0;;
39850000;2;01/03/2002;;1;1;1,618012;0,0134638;0,3118272;6;1;0;0;1;;0;0,0134638;0,0134638;0,7285553;0,5827507;1,018957;1,30275;0,3638865;0,5486311;0,3638865;0,3638865;0,3638865;0,3638865;0,3638865;0,3638865;0,284617;0,1725671;0,1725671;0,1725671;0,1725671;0,1532446;0,1349749;0,1349749;0,1349749;0,1349749;0,1349749;0,1349749;0,1532446;0,1725671;0,2143279;0,2601792;0,1725671;1;1;1;1;1;1;1;1;1;1;1;1;1;1;1;1;1;1;1;1;1;1;1;1;1;1;1;1;1;1;1;
39850000;2;01/04/2002;;1;1;2,472827;0,1016414;0,6546828;2;19;0;0;1;;0;0,4519461;1,964154;2,406329;2,27582;2,02481;1,729989;1,404372;1,253249;1,110019;0,9747643;0,6907144;0,4216269;0,3364779;0,2601792;0,2143279;0,1725671;0,1725671;0,1349749;0,1177696;0,1016414;0,1016414;0,1016414;0,1016414;0,1016414;0,1016414;0,1177696;0,1725671;0,1725671;0,2143279;0,2367467;;1;1;1;1;1;1;1;1;1;1;1;1;1;1;1;1;1;1;1;1;1;1;1;1;1;1;1;1;1;1;;
39850000;2;01/05/2002;;1;1;5,404041;0,3638865;1,549566;7;1;0;0;1;;0;0,4216269;0,5486311;0,8475769;0,9314675;1,018957;1,204625;3,489754;4,663977;3,258451;2,27582;1,618012;1,30275;1,204625;1,110019;1,110019;1,353126;2,211813;2,608301;2,340659;1,729989;1,253249;1,110019;0,9747643;0,8475769;0,8475769;0,8475769;0,8475769;0,9747643;1,204625;1,729989;2,148641;1;1;1;1;1;1;1;1;1;1;1;1;1;1;1;1;1;1;1;1;1;1;1;1;1;1;1;1;1;1;1;
39850000;2;01/06/2002;;1;1;44,3;2,47;14,8;21;1;1;1;1;;0;2,47;4,23;4,4;4,14;3,89;3,57;3,26;7,14;16,7;18,42;12,2;8,61;9,58;8,97;9,46;16,5;13,6;11,1;9,09;27,6;44,3;31;17;33,6;22,6;18,42;17,3;15;17,3;32,3;;1;1;1;1;1;1;1;1;1;1;1;1;1;1;1;1;1;1;1;1;1;1;1;1;1;1;1;1;1;1;;
39850000;2;01/07/2002;;1;1;58,85136;3,182961;11,63627;1;26;0;0;1;;0;53,35868;30,98843;16,2206;15,59457;16,6975;16,85787;15,90618;13,93118;9,834772;9,834772;9,834772;9,709473;9,21562;6,924425;6,39856;5,694341;5,027792;4,486757;4,226817;3,728277;3,568461;3,489754;3,334747;3,334747;3,334747;4,226817;25,18709;22,91337;11,66558;8,379794;6,817737;1;1;1;1;1;1;1;1;1;1;1;1;1;1;1;1;1;1;1;1;1;1;1;1;1;1;1;1;1;1;1;
39850000;2;01/08/2002;;1;1;17,01894;2,747066;7,391686;21;10;0;0;1;;0;5,694341;9,709473;9,834772;9,584907;7,031869;4,486757;3,728277;3,647969;3,334747;2,747066;2,817678;3,411849;3,891282;5,792646;6,193533;7,249022;6,924425;6,092164;5,596804;6,711804;13,20349;13,20349;11,93873;12,07638;12,77545;11,26128;9,834772;9,093998;8,032716;7,249022;5,991559;1;1;1;1;1;1;1;1;1;1;1;1;1;1;1;1;1;1;1;1;1;1;1;1;1;1;1;1;1;1;1;
39850000;2;01/09/2002;;1;1;5,792646;0,6178076;2,341531;1;30;0;0;1;;0;5,792646;4,574975;3,891282;3,258451;3,03441;3,258451;4,057467;3,647969;3,647969;3,973978;3,809381;3,182961;2,747066;2,211813;1,904342;1,845376;1,787257;1,729989;1,563309;1,509466;1,353126;1,110019;0,9747643;0,8890705;0,7673154;0,7673154;0,7673154;0,7673154;0,7673154;0,653797;;1;1;1;1;1;1;1;1;1;1;1;1;1;1;1;1;1;1;1;1;1;1;1;1;1;1;1;1;1;1;;
39850000;2;01/10/2002;;1;1;1,30275;0,2601792;0,6565118;9;31;1;2;2;;0;0,6178076;0,6178076;0,5486311;0,5486311;0,5486311;0,5486311;0,6178076;0,8475769;1,30275;1,30275;1,204625;1,018957;0,9314675;0,7673154;0,6907144;0,6907144;0,6907144;0,6907144;0,6907144;0,6907144;0,6178076;0,6178076;0,5486311;0,5486311;0,4216269;0,4216269;0,3638865;0,3638865;0,3100524;0,3100524;0,2601792;1;1;1;1;1;1;1;1;1;1;1;1;1;1;1;1;1;1;1;1;1;1;1;1;1;2;2;2;2;2;2;
39850000;2;01/11/2002;;1;1;0,3100524;0,0134638;0,106577;30;16;1;2;2;;0;0,2601792;0,2143279;0,2143279;0,1725671;0,1725671;0,1725671;0,1349749;0,1349749;0,1349749;7,267371E-02;7,267371E-02;7,267371E-02;4,820176E-02;4,820176E-02;2,839067E-02;0,0134638;0,0134638;0,0134638;0,0134638;0,0134638;0,0134638;0,0134638;2,839067E-02;0,1016414;7,267371E-02;0,1016414;0,1016414;0,1725671;0,2601792;0,3100524;;2;2;2;2;2;2;2;2;2;2;2;2;2;2;1;1;1;1;1;1;1;1;1;1;1;1;1;1;1;1;;
39850000;2;01/12/2002;;1;1;2,211813;0,0134638;0,338164;29;19;0;0;1;;0;0,3638865;0,3638865;0,3100524;0,284617;0,2601792;0,2143279;0,1725671;0,1177696;0,1016414;7,267371E-02;4,820176E-02;4,820176E-02;4,820176E-02;4,820176E-02;4,820176E-02;3,770142E-02;2,839067E-02;2,839067E-02;2,029935E-02;0,0134638;0,0134638;0,0134638;0,0134638;0,0134638;2,839067E-02;8,660438E-02;0,2601792;1,845376;2,148641;2,02481;1,404372;1;1;1;1;1;1;1;1;1;1;1;1;1;1;1;1;1;1;1;1;1;1;1;1;1;1;1;1;1;1;1;
39850000;2;01/01/2003;;1;1;1,11;0;0,205;1;14;1;1;1;;0;1,11;0,931;0,618;0,483;0,364;0,364;0,214;0,173;0,135;0,102;0,173;0,102;0,048;0;0;0;0;0;0,483;0,422;0,173;0,028;0;0;0,013;0,013;0,013;0,048;0,102;0,073;0,173;1;1;1;1;1;1;1;1;1;1;1;1;1;4;4;4;4;4;1;1;1;1;1;1;1;1;1;1;1;1;1;
39850000;2;01/02/2003;;1;1;1,404372;0,1349749;0,609893;6;1;0;0;1;;0;0,1725671;0,1929316;0,6178076;0,8475769;1,110019;1,353126;1,30275;1,204625;1,064043;0,8069906;0,7285553;0,6178076;0,5486311;0,5154536;0,4519461;0,3638865;0,3638865;0,3100524;0,2601792;0,3638865;0,3638865;0,3638865;0,3638865;0,4216269;0,5827507;0,5486311;0,6178076;0,6178076;;;;1;1;1;1;1;1;1;1;1;1;1;1;1;1;1;1;1;1;1;1;1;1;1;1;1;1;1;1;0;0;;
39850000;2;01/03/2003;;1;1;16,6975;0,2143279;2,024222;17;14;0;0;1;;0;0,8475769;1,204625;1,110019;1,204625;0,8890705;0,7673154;0,7285553;0,6178076;0,6178076;0,6178076;0,5154536;0,4216269;0,2601792;0,2367467;0,3638865;0,7673154;13,0601;8,032716;4,75376;3,568461;2,817678;2,340659;2,211813;2,02481;2,02481;2,02481;1,964154;1,845376;1,729989;1,618012;1,563309;1;1;1;1;1;1;1;1;1;1;1;1;1;1;1;1;1;1;1;1;1;1;1;1;1;1;1;1;1;1;1;
39850000;2;01/04/2003;;1;1;2,747066;0,1016414;0,9938471;2;17;0;0;1;;0;1,456486;2,608301;1,845376;1,509466;1,204625;1,064043;0,9314675;0,8890705;0,6907144;0,6907144;0,5827507;0,4216269;0,3638865;0,2601792;0,1532446;0,1349749;0,1016414;0,1532446;0,1929316;0,2601792;0,4832236;0,8890705;1,204625;1,729989;1,787257;1,729989;1,729989;1,673573;1,563309;1,509466;;1;1;1;1;1;1;1;1;1;1;1;1;1;1;1;1;1;1;1;1;1;1;1;1;1;1;1;1;1;1;;
39850000;2;01/05/2003;;1;1;4,663977;0,8475769;1,960979;6;18;0;0;1;;0;1,618012;2,02481;2,817678;3,728277;3,728277;4,486757;3,973978;2,889107;1,904342;1,509466;1,110019;1,110019;1,110019;0,9747643;0,9314675;1,018957;0,9314675;0,8890705;0,9314675;1,618012;2,27582;2,961352;2,540152;2,148641;1,845376;1,618012;1,353126;1,110019;1,110019;1,110019;3,411849;1;1;1;1;1;1;1;1;1;1;1;1;1;1;1;1;1;1;1;1;1;1;1;1;1;1;1;1;1;1;1;
39850000;2;01/06/2003;;1;1;9,834772;2,472827;4,228768;17;24;0;0;1;;0;3,891282;3,568461;2,961352;2,889107;2,747066;3,809381;4,574975;5,120692;5,308818;4,935669;5,500037;5,500037;4,486757;3,973978;4,226817;7,358727;9,337979;6,60663;6,39856;4,574975;3,411849;2,961352;2,817678;2,540152;2,540152;2,817678;2,817678;2,889107;2,961352;3,334747;;1;1;1;1;1;1;1;1;1;1;1;1;1;1;1;1;1;1;1;1;1;1;1;1;1;1;1;1;1;1;;
39850000;2;01/07/2003;;1;1;7,031869;3,489754;4,837576;22;3;1;1;1;;0;4,141747;3,809381;3,489754;3,647969;3,973978;3,973978;4,312677;5,027792;6,39856;4,312677;4,486757;4,663977;4,663977;4,844325;4,663977;4,141747;3,809381;3,973978;4,663977;5,404041;6,193533;6,817737;5,991559;5,792646;5,991559;5,404041;5,404041;5,404041;5,404041;4,844325;4,312677;1;1;1;1;1;1;1;1;1;1;1;1;1;1;1;1;1;1;1;1;1;1;1;1;1;1;1;1;1;1;1;
39850000;2;01/08/2003;;1;1;8,147663;1,404372;3,125458;17;27;0;0;1;;0;3,809381;3,258451;3,108281;3,03441;2,889107;2,961352;3,258451;3,647969;3,973978;4,057467;4,141747;4,486757;4,226817;3,568461;3,411849;3,728277;7,692351;5,404041;4,057467;2,961352;2,677273;2,148641;1,964154;1,787257;1,729989;1,509466;1,404372;1,404372;1,404372;1,563309;1,618012;1;1;1;1;1;1;1;1;1;1;1;1;1;1;1;1;1;1;1;1;1;1;1;1;1;1;1;1;1;1;1;
39850000;2;01/09/2003;;1;1;8,379794;1,110019;2,979445;6;30;0;0;1;;0;1,673573;1,673573;1,787257;2,02481;5,027792;8,147663;7,031869;5,500037;4,844325;6,502215;3,568461;3,258451;2,817678;3,108281;3,411849;2,817678;2,340659;2,27582;1,845376;1,787257;2,148641;2,340659;2,211813;2,02481;1,845376;1,729989;1,673573;1,456486;1,30275;1,204625;;1;1;1;1;1;1;1;1;1;1;1;1;1;1;1;1;1;1;1;1;1;1;1;1;1;1;1;1;1;1;;
39850000;2;01/10/2003;;1;1;1,509;0;0,545;23;14;1;1;1;;0;1,11;0,848;0,767;0,618;0,549;0,483;0,483;0,483;0,364;0,31;0,173;0,048;0,013;0;0;0;0;0,26;0,364;0,364;0,931;1,205;1,509;1,205;0,931;0,848;0,767;0,618;0,549;0,549;0,549;1;1;1;1;1;1;1;1;1;1;1;1;1;4;4;4;4;1;1;1;1;1;1;1;1;1;1;1;1;1;1;
39850000;2;01/11/2003;;1;1;5,793;0;0,894;8;29;1;1;1;;0;0,483;0,422;0,364;0,618;1,509;1,404;2,086;5,597;3,335;2,341;1,73;1,303;1,11;0,848;0,691;0,549;0,483;0,364;0,31;0,26;0,26;0,26;0,173;0,135;0,073;0,073;0,028;0,013;0;0;;1;1;1;1;1;1;1;1;1;1;1;1;1;1;1;1;1;1;1;1;1;1;1;1;1;1;1;1;4;4;;
39850000;2;01/12/2003;;1;1;0;0;0;1;1;1;1;1;;0;0;0;0;0;0;0;0;0;0;0;0;0;0;0;0;0;0;0;0;0;0;0;0;0;0;0;0;0;0;0;0;4;4;4;4;4;4;4;4;4;4;4;4;4;4;4;4;4;4;4;4;4;4;4;4;4;4;4;4;4;4;4;
39850000;2;01/01/2004;;1;1;79,296;0;16,325;22;1;1;1;1;;0;0;0;0;0;0;0;0;0;0;0;0;0;0,214;14,677;33,599;13,492;5,121;6,296;13,203;15,44;68,254;79,296;28,477;16,221;15,286;15,286;17,343;48,908;66,871;24,323;23,754;1;1;1;1;1;1;1;1;1;1;1;1;1;1;1;1;1;1;1;1;1;1;1;1;1;1;1;1;1;1;1;
39850000;2;01/02/2004;;1;1;136,1878;2,56808;22,11052;6;25;0;0;1;;0;66,87078;76,34108;78,80017;86,91389;45,02036;110,5517;28,17033;19,10054;15,61188;13,41967;10,4823;9,861387;8,90428;8,216009;7,12569;7,445294;6,505869;5,437226;4,71567;4,041577;3,801149;3,491149;3,048973;2,838237;2,56808;2,977957;3,193307;2,701607;3,048973;;;1;1;1;1;1;1;1;1;1;1;1;1;1;1;1;1;1;1;1;1;1;1;1;1;1;1;1;1;1;0;;
39850000;2;01/03/2004;;1;1;15,161;0;2,177;13;29;1;1;1;;0;2,838;2,125;2,31;1,89;1,833;1,613;1,56;1,407;1,721;2,125;1,721;7,771;15,161;6,916;4,289;2,702;2,006;1,508;1,308;0,906;0,712;0,676;0,641;0,478;0,418;0,363;0,286;0,198;0;0;0;;;;;;;;;;;;;;;;;;;;;;;;;;;;;1;1;1;
39850000;2;01/04/2004;;1;1;1,167;0;0,299;18;1;1;1;1;;0;0;0;0;0;0;0;0;0;0;0;0;0;0;0;0;0,712;0,712;1,167;1,033;0,947;0,787;0,641;0,641;0,906;0,749;0,676;0;0;0;0;;1;1;1;1;1;1;1;1;1;1;1;1;1;1;1;1;1;1;1;1;1;1;1;1;1;1;1;1;1;1;;
39850000;2;01/05/2004;;1;1;1,947;0;0,453;24;1;1;1;1;;0;0;0;0;0;0;0;0;0;0;0;0;0;0;0;0;0;0;0;0;0;0,573;1,357;1,56;1,947;1,667;1,508;1,308;1,033;0,906;1,121;1,076;1;1;1;1;1;1;1;1;1;1;1;1;1;1;1;1;1;1;1;1;1;1;1;1;1;1;1;1;1;1;1;
39850000;2;01/06/2004;;1;1;30,35132;1,947458;12,19069;17;8;0;0;1;;0;6,205699;9,984177;7,881433;4,891632;3,193307;3,120757;2,634455;2,065268;3,644635;6,305032;12,7229;7,231509;10,35673;7,881433;10,60858;15,61188;26,65918;30,35132;18,44226;18,27934;30,35132;19,60121;13,98935;12,44898;10,73554;10,73554;17,63434;15,3108;13,70315;13,13892;;1;1;1;1;1;1;1;1;1;1;1;1;1;1;1;1;1;1;1;1;1;1;1;1;1;1;1;1;1;1;;
39850000;2;01/07/2004;;1;1;111,7157;3,722514;15,38871;31;13;0;0;1;;0;10,73554;10,73554;10,73554;9,617906;8,328953;7,992248;7,881433;7,231509;6,916205;5,81563;4,980722;4,372655;3,880539;4,542675;5,344455;8,328953;10,73554;9,257933;7,445294;6,405088;7,020589;5,437226;5,912056;15,76343;14,27827;18,77007;34,94078;20,96536;41,28352;55,44144;105,953;1;1;1;1;1;1;1;1;1;1;1;1;1;1;1;1;1;1;1;1;1;1;1;1;1;1;1;1;1;1;1;
39850000;2;01/08/2004;;1;1;90,58043;4,041577;21,20471;11;31;0;0;1;;0;49,70398;34,60295;23,19207;15,461;12,7229;12,86089;24,03765;37;17,95551;15,16127;89,00037;45,78588;20,79253;18,93498;15,76343;13,70315;17,15758;22,91337;20,27801;14,42374;12,44898;46,55745;18,44226;12,44898;10,23185;7,771329;7,231509;6,305032;5,53073;4,803281;4,123224;1;1;1;1;1;1;1;1;1;1;1;1;1;1;1;1;1;1;1;1;1;1;1;1;1;1;1;1;1;1;1;
39850000;2;01/09/2004;;1;1;17,95551;2,701607;5,364196;22;18;0;0;1;;0;3,960682;3,960682;6,405088;8,103774;7,231509;5,437226;4,628801;4,123224;4,123224;6,107091;5,719933;5,53073;5,344455;4,372655;3,801149;3,567513;2,907711;2,701607;2,769534;3,048973;2,977957;13,98935;13,70315;9,139345;6,607372;5,344455;4,372655;3,960682;3,644635;3,340703;;1;1;1;1;1;1;1;1;1;1;1;1;1;1;1;1;1;1;1;1;1;1;1;1;1;1;1;1;1;1;;
39850000;2;01/10/2004;;1;1;2,977957;0,3901612;1,054219;1;29;0;0;1;;0;2,838237;2,373637;2,186249;2,186249;1,947458;1,776723;1,721413;1,456981;1,356901;1,166607;1,121103;1,032597;0,9474463;0,9061364;0,7873051;0,7123658;0,7123658;0,6761909;0,640884;0,5728895;0,5728895;0,5728895;0,5728895;0,5728895;0,5728895;0,5402099;0,5084143;0,477507;0,3901612;0,3901612;0,3901612;1;1;1;1;1;1;1;1;1;1;1;1;1;1;1;1;1;1;1;1;1;1;1;1;1;1;1;1;1;1;1;
39850000;2;01/11/2004;;1;1;0,336;0;0,011;1;2;1;1;1;;0;0,336;0;0;0;0;0;0;0;0;0;0;0;0;0;0;0;0;0;0;0;0;0;0;0;0;0;0;0;0;0;;1;1;1;1;1;1;1;1;1;1;1;1;1;1;1;1;1;1;1;1;1;1;1;1;1;1;1;1;1;1;;
39850000;2;01/12/2004;;1;1;0;0;0;1;1;1;1;1;;0;0;0;0;0;0;0;0;0;0;0;0;0;0;0;0;0;0;0;0;0;0;0;0;0;0;0;0;0;0;0;0;1;1;1;1;1;1;1;1;1;1;1;1;1;1;1;1;1;1;1;1;1;1;1;1;1;1;1;1;1;1;1;
39850000;2;01/01/2005;;1;1;0;0;0;1;1;1;1;1;;0;0;0;0;0;0;0;0;0;0;0;0;0;0;0;0;0;0;0;0;0;0;0;0;0;0;0;0;0;0;0;0;1;1;1;1;1;1;1;1;1;1;1;1;1;1;1;1;1;1;1;1;1;1;1;1;1;1;1;1;1;1;1;
39850000;2;01/02/2005;;1;1;0;0;0;1;1;1;1;1;;0;0;0;0;0;0;0;0;0;0;0;0;0;0;0;0;0;0;0;0;0;0;0;0;0;0;0;0;0;;;;1;1;1;1;1;1;1;1;1;1;1;1;1;1;1;1;1;1;1;1;1;1;1;1;1;1;1;1;0;0;;
39850000;2;01/03/2005;;1;1;5,625;0;0,503;29;1;1;1;1;;0;0;0;0;0;0;0;0;0;0;0;0;0;0;0;0;0;0;0;0;0;0;0;0;0;0;0;0;0;5,437;5,071;5,071;1;1;1;1;1;1;1;1;1;1;1;1;1;1;1;1;1;1;1;1;1;1;1;1;1;1;1;1;1;1;1;
39850000;2;01/04/2005;;1;1;5,071;0;0,553;1;10;1;1;1;;0;4,716;3,267;1,947;1,613;1,308;1,121;1,033;0,866;0,712;0;0;0;0;0;0;0;0;0;0;0;0;0;0;0;0;0;0;0;0;0;;1;1;1;1;1;1;1;1;1;1;1;1;1;1;1;1;1;1;1;1;1;1;1;1;1;1;1;1;1;1;;
39850000;2;01/05/2005;;1;1;9,984;;;14;;1;0;0;;0;0;0;0;0;0;0;0;0;3,267;4,716;6,206;6,405;6,206;9,021;8,557;6,813;5,625;4,543;3,881;3,568;5,252;4,892;4,042;3,267;2,438;2,065;1,721;;;5,071;6,405;4;4;4;4;4;4;4;4;1;1;1;1;1;1;1;1;1;1;1;1;1;1;1;1;1;1;1;0;0;1;1;
39850000;2;01/06/2005;;1;1;109,3935;6,205699;20,95604;18;1;0;0;1;;0;6,205699;17,15758;33,26699;16,53126;13,27895;10,60858;8,442605;7,12569;8,442605;9,257933;10,23185;9,861387;13,41967;42,76007;42,76007;24,60923;27,25896;74,88316;67,79137;31,95569;19,76942;15,76343;13,70315;10,4823;11,77618;17,15758;15,3108;15,01241;17,63434;16,22211;;1;1;1;1;1;1;1;1;1;1;1;1;1;1;1;1;1;1;1;1;1;1;1;1;1;1;1;1;1;1;;
39850000;2;01/07/2005;;1;1;39,83129;4,891632;12,88455;2;29;0;0;1;;0;13,41967;38,75811;27,25896;28,7857;19,43366;17,63434;15,61188;16,68684;15,61188;19,60121;16,22211;14,27827;10,73554;10,60858;9,377223;8,328953;7,445294;6,709596;6,405088;6,607372;7,020589;7,553259;16,84308;11,77618;9,497213;7,661938;6,709596;5,53073;4,980722;5,719933;6,607372;1;1;1;1;1;1;1;1;1;1;1;1;1;1;1;1;1;1;1;1;1;1;1;1;1;1;1;1;1;1;1;
39850000;2;01/08/2005;;1;1;67,79137;6,205699;20,56665;20;13;0;0;1;;0;8,90428;10,35673;15,01241;26,36163;21,54353;19,43366;14,56989;11,64369;10,10766;8,328953;7,445294;6,812541;6,305032;10,23185;12,31305;10,60858;9,617906;12,99956;26,06565;62,35635;57,56147;39,47204;24,32265;53,77225;56,28498;28,47724;19,26677;15,3108;10,73554;10,73554;10,60858;1;1;1;1;1;1;1;1;1;1;1;1;1;1;1;1;1;1;1;1;1;1;1;1;1;1;1;1;1;1;1;
39850000;2;01/09/2005;;1;1;9,497213;1,508245;4,961174;1;30;0;0;1;;0;9,257933;8,442605;8,328953;7,771329;7,12569;6,405088;6,505869;5,81563;5,344455;4,803281;4,542675;4,372655;4,891632;6,00921;5,719933;7,12569;6,505869;5,252418;5,07055;4,891632;4,041577;3,567513;2,977957;2,769534;2,502484;2,065268;1,832834;1,721413;1,613211;1,560323;;1;1;1;1;1;1;1;1;1;1;1;1;1;1;1;1;1;1;1;1;1;1;1;1;1;1;1;1;1;1;;
39850000;2;01/10/2005;;1;1;1,508245;0,5084143;0,8837655;1;29;0;0;1;;0;1,508245;1,508245;1,406532;1,356901;1,308091;1,212941;1,076432;1,032597;0,9474463;0,9474463;0,9474463;0,9474463;0,9474463;0,9061364;0,8656741;0,8656741;0,7123658;0,7123658;0,7123658;0,7123658;0,7123658;0,7123658;0,7123658;0,640884;0,640884;0,640884;0,5728895;0,5728895;0,5402099;0,5084143;0,5084143;1;1;1;1;1;1;1;1;1;1;1;1;1;1;1;1;1;1;1;1;1;1;1;1;1;1;1;1;1;1;1;
39850000;2;01/11/2005;;1;1;0,447;0;0,076;1;8;1;1;1;;0;0,447;0,447;0,39;0,39;0,286;0,159;0,159;0;0;0;0;0;0;0;0;0;0;0;0;0;0;0;0;0;0;0;0;0;0;0;;1;1;1;1;1;1;1;1;1;1;1;1;1;1;1;1;1;1;1;1;1;1;1;1;1;1;1;1;1;1;;
39850000;2;01/12/2005;;1;1;0;0;0;1;1;1;1;1;;0;0;0;0;0;0;0;0;0;0;0;0;0;0;0;0;0;0;0;0;0;0;0;0;0;0;0;0;0;0;0;0;1;1;1;1;1;1;1;1;1;1;1;1;1;1;1;1;1;1;1;1;1;1;1;1;1;1;1;1;1;1;1;
39850000;2;01/01/2006;;1;1;0;0;0;1;1;1;1;1;;0;0;0;0;0;0;0;0;0;0;0;0;0;0;0;0;0;0;0;0;0;0;0;0;0;0;0;0;0;0;0;0;1;1;1;1;1;1;1;1;1;1;1;1;1;1;1;1;1;1;1;1;1;1;1;1;1;1;1;1;1;1;1;
39850000;2;01/02/2006;;1;1;0;0;0;1;1;1;1;1;;0;0;0;0;0;0;0;0;0;0;0;0;0;0;0;0;0;0;0;0;0;0;0;0;0;0;0;0;0;;;;1;1;1;1;1;1;1;1;1;1;1;1;1;1;1;1;1;1;1;1;1;1;1;1;1;1;1;1;0;0;;
39850000;2;01/03/2006;;1;1;0;0;0;1;1;1;1;1;;0;0;0;0;0;0;0;0;0;0;0;0;0;0;0;0;0;0;0;0;0;0;0;0;0;0;0;0;0;0;0;0;1;1;1;1;1;1;1;1;1;1;1;1;1;1;1;1;1;1;1;1;1;1;1;1;1;1;1;1;1;1;1;
39850000;2;01/04/2006;;1;1;3,12;0;0,828;26;6;1;1;1;;0;0,712;0,947;0,947;0,712;0,336;0;0;0;0;0;0;0;1,61;1,21;1,03;0,787;0,712;0,712;0,641;0,39;0;1,61;1,03;0,947;1,21;2,57;2,31;1,51;1,41;1,51;;1;1;1;1;1;1;1;1;1;1;1;1;1;1;1;1;1;1;1;1;1;1;1;1;1;1;1;1;1;1;;
39850000;2;01/05/2006;;1;1;9,497213;1,121103;3,996745;16;14;0;0;1;;0;3,340703;4,71567;3,960682;2,437669;1,613211;1,356901;1,666909;2,502484;4,803281;3,048973;2,125363;1,947458;1,308091;1,166607;1,613211;4,980722;8,556965;7,992248;8,216009;7,992248;6,00921;3,880539;2,977957;2,701607;3,193307;4,980722;4,372655;3,266623;2,701607;7,553259;6,916205;;;;;;;;;;;;;;;;;;;;;;;;;;;;;;;;
39850000;2;01/06/2006;;1;1;177,1128;3,722514;27,91262;7;2;0;0;1;;0;5,437226;4,041577;3,801149;6,305032;6,812541;5,719933;76,34108;55,44144;27,25896;18,27934;38,75811;30,98843;100,3334;26,06565;19,76942;30,35132;30,35132;40,19207;30,0351;22,08672;44,26087;37;49,3054;30,35132;30,35132;19,93829;15,16127;12,04324;10,73554;9,861387;;;;;;;;;;;;;;;;;;;;;;;;;;;;;;;;;
39850000;2;01/07/2006;;1;1;111,7157;9,497213;23,41435;17;4;0;0;1;;0;11,77618;9,984177;10,10766;9,617906;10,73554;10,73554;13,98935;15,461;16,53126;14,56989;13,84591;30,35132;29,4073;20,27801;16,22211;58,41991;99,22674;56,28498;30,35132;22,36069;16,06855;13,56107;10,73554;13,56107;12,5856;72,48255;30,0351;19,76942;15,16127;11,64369;9,984177;;;;;;;;;;;;;;;;;;;;;;;;;;;;;;;;
39850000;2;01/08/2006;;1;1;18,93498;2,838237;8,895308;10;31;0;0;1;;0;15,3108;14,27827;10,73554;8,787803;7,445294;7,020589;9,377223;10,73554;10,73554;16,37635;17,31584;14,71672;13,84591;11,64369;10,73554;10,73554;9,984177;9,617906;8,67203;7,661938;6,405088;5,624966;6,00921;5,624966;4,980722;4,542675;4,041577;3,567513;3,266623;3,120757;2,838237;1;1;1;1;1;1;1;1;1;1;1;1;1;1;1;1;1;1;1;1;1;1;1;1;1;1;1;1;1;1;1;
39850000;2;01/09/2006;;1;1;30,35132;2,065268;5,050059;11;24;0;0;1;;0;4,71567;4,71567;4,205619;3,491149;3,266623;2,977957;2,838237;2,502484;2,310388;7,231509;27,25896;17,79459;11,64369;10,35673;6,205699;4,980722;3,960682;3,340703;2,977957;2,838237;2,56808;2,310388;2,310388;2,125363;2,065268;2,065268;2,065268;2,065268;2,247925;2,065268;;1;1;1;1;1;1;1;1;1;1;1;1;1;1;1;1;1;1;1;1;1;1;1;1;1;1;1;1;1;1;;
39850000;2;01/10/2006;;1;1;2,065268;0,3901612;1,43288;1;31;0;0;1;;0;2,065268;2,065268;2,065268;2,005965;1,947458;2,065268;2,065268;2,065268;2,065268;2,065268;1,889747;1,721413;1,613211;1,508245;1,406532;1,406532;1,406532;1,406532;1,406532;1,356901;1,212941;0,9474463;0,7123658;0,9061364;1,032597;0,9474463;0,9061364;0,7123658;0,6064489;0,4474925;0,3901612;;;;;;;;;;;;;;;;;;;;;;;;;;;;;;;;
39850000;2;01/11/2006;;1;1;2,838237;0,2864345;1,038044;17;4;0;0;1;;0;0,3628545;0,3364606;0,3364606;0,2864345;0,2864345;0,2864345;0,2864345;0,3628545;0,9474463;0,8656741;0,8656741;0,7123658;0,640884;0,5728895;0,5084143;1,166607;2,838237;2,437669;2,065268;1,666909;1,613211;1,613211;1,613211;1,508245;1,406532;1,406532;1,260103;1,032597;0,9896009;0,8656741;;1;1;1;1;1;1;1;1;1;1;1;1;1;1;1;1;1;1;1;1;1;1;1;1;1;1;1;1;1;1;;
39850000;2;01/12/2006;;1;1;1,032597;0,2864345;0,6342757;5;29;0;0;1;;0;0,8656741;0,8656741;0,8656741;0,8656741;1,032597;1,032597;0,9474463;0,9061364;0,8656741;0,8656741;0,8656741;0,7873051;0,7123658;0,7123658;0,7123658;0,7123658;0,640884;0,6064489;0,5084143;0,4474925;0,3901612;0,3901612;0,3901612;0,3901612;0,3901612;0,3364606;0,3364606;0,3364606;0,3109854;0,2864345;0,2864345;;;;;;;;;;;;;;;;;;;;;;;;;;;;;;;;
