//------------------------------------------------------------------------------
//
// Sistema de Informações Hidrológicas
// Versão Web 3.0
// © 2001 Agência Nacional de Águas (ANA)
//
// NivelConsistencia: 1 = Bruto, 2 = Consistido
// MediaDiaria: 0 = Não, 1 = Sim
// MetodoObtencaoVazoes: 1 = Curva de descarga, 2 = Transferência de vazões, 3 = Soma de vazões, 4 = ADCP
// Status: 0 = Branco, 1 = Real, 2 = Estimado, 3 = Duvidoso, 4 = Régua Seca
//
// Restrições da consulta:
//   Código da Estação: 39890000
//
//------------------------------------------------------------------------------

//EstacaoCodigo;NivelConsistencia;Data;Hora;MediaDiaria;MetodoObtencaoVazoes;Maxima;Minima;Media;DiaMaxima;DiaMinima;MaximaStatus;MinimaStatus;MediaStatus;MediaAnual;MediaAnualStatus;Vazao01;Vazao02;Vazao03;Vazao04;Vazao05;Vazao06;Vazao07;Vazao08;Vazao09;Vazao10;Vazao11;Vazao12;Vazao13;Vazao14;Vazao15;Vazao16;Vazao17;Vazao18;Vazao19;Vazao20;Vazao21;Vazao22;Vazao23;Vazao24;Vazao25;Vazao26;Vazao27;Vazao28;Vazao29;Vazao30;Vazao31;Vazao01Status;Vazao02Status;Vazao03Status;Vazao04Status;Vazao05Status;Vazao06Status;Vazao07Status;Vazao08Status;Vazao09Status;Vazao10Status;Vazao11Status;Vazao12Status;Vazao13Status;Vazao14Status;Vazao15Status;Vazao16Status;Vazao17Status;Vazao18Status;Vazao19Status;Vazao20Status;Vazao21Status;Vazao22Status;Vazao23Status;Vazao24Status;Vazao25Status;Vazao26Status;Vazao27Status;Vazao28Status;Vazao29Status;Vazao30Status;Vazao31Status;
39890000;2;01/01/1989;;1;1;;;;;;0;0;0;;0;;;;;;;;;;;;;;;;;;;;;;;;;;2,7505;2,9267;3,6886;5,7395;6,2592;4,7701;;;;;;;;;;;;;;;;;;;;;;;;;;1;1;1;1;1;1;
39890000;2;01/02/1989;;1;1;3,8934;1,5439;2,1436;1;26;1;1;1;;0;3,8934;3,4895;3,2962;2,9267;2,58;2,58;2,4151;2,1023;2,2559;2,1023;2,1023;1,9543;1,9543;1,9543;1,8119;1,8119;1,6751;1,8119;1,8119;1,8119;1,8119;1,8119;1,6751;1,6751;1,6751;1,5439;1,6751;1,8119;;;;1;1;1;1;1;1;1;1;1;1;1;1;1;1;1;1;1;1;1;1;1;1;1;1;1;1;1;1;;;;
39890000;2;01/03/1989;;1;1;28,1772;1,1834;3,4126;29;15;1;1;1;;0;2,1023;1,9543;1,8119;1,8119;1,6751;1,6751;1,8119;1,6751;1,6751;1,5439;1,4182;1,4182;1,2981;1,2981;1,1834;1,1834;1,1834;1,1834;1,4182;1,5439;1,8119;1,6751;1,8119;1,9543;1,8119;1,9543;2,2559;10,5569;28,1772;14,3424;8,5729;1;1;1;1;1;1;1;1;1;1;1;1;1;1;1;1;1;1;1;1;1;1;1;1;1;1;1;1;1;1;1;
39890000;2;01/04/1989;;1;1;56,4007;4,5422;14,941;12;17;1;1;1;;0;6,2592;7,0827;9,5381;6,2592;6,5278;20,1681;14,754;9,8718;19,2048;10,5569;41,7386;56,4007;23,7331;8,263;5,2431;5,0037;4,5422;7,3689;9,8718;7,9591;6,8023;5,9964;8,5729;20,1681;17,8057;18,7323;16,4614;15,1718;13,5371;44,6354;;1;1;1;1;1;1;1;1;1;1;1;1;1;1;1;1;1;1;1;1;1;1;1;1;1;1;1;1;1;1;;
39890000;2;01/05/1989;;1;1;117,9117;9,5381;43,1969;20;8;1;1;1;;0;46,8744;23,2053;20,1681;27,029;18,2659;15,5956;10,5569;9,5381;9,5381;12,3745;22,1684;41,7386;90,5094;83,2229;90,5094;82,2079;71,4687;51,5233;64,1474;117,9117;65,9392;78,2124;38,9425;28,7606;48,3987;36,2469;34,9368;29,946;24,807;21,156;23,2053;1;1;1;1;1;1;1;1;1;1;1;1;1;1;1;1;1;1;1;1;1;1;1;1;1;1;1;1;1;1;1;
39890000;2;01/06/1989;;1;1;79,2016;7,3689;24,7248;18;5;1;1;1;;0;24,2669;27,6;20,1681;12,3745;7,3689;11,266;10,9085;12,3745;17,3515;18,2659;12,756;16,0254;29,946;27,6;33,0184;22,6838;27,029;79,2016;61,5077;52,3203;29,3502;31,7707;29,3502;28,1772;22,1684;17,8057;15,5956;15,5956;14,754;13,1436;;1;1;1;1;1;1;1;1;1;1;1;1;1;1;1;1;1;1;1;1;1;1;1;1;1;1;1;1;1;1;;
39890000;2;01/07/1989;;1;1;;;;;;0;0;0;;0;38,9425;34,2911;49,9483;76,2534;111,8927;74,3202;187,1675;59,7798;99,2262;45,3754;38,2592;917,5161;;;;;;;;;;;;;;;;;;;;1;1;1;1;1;1;1;1;1;1;1;1;;;;;;;;;;;;;;;;;;;;
39890000;2;01/08/1989;;1;1;;;;;;0;0;0;;0;;;;;;;;;;;;;;;;;;16,5637;18,6786;23,2659;23,8726;20,9129;18,6786;19,7809;17,6062;22,0746;26,3728;25,108;28,99;42,2;27,6668;;;;;;;;;;;;;;;;;;1;1;1;1;1;1;1;1;1;1;1;1;1;1;
39890000;2;01/09/1989;;1;1;20,9129;7,8109;11,3246;1;15;1;1;1;;0;20,9129;18,6786;17,0812;15,5512;14,5689;13,6169;12,6953;11,8042;11,3701;10,525;8,9274;8,9274;8,1752;8,1752;7,8109;8,5474;8,5474;8,5474;8,5474;7,8109;19,226;12,6953;8,9274;8,9274;10,9437;8,9274;10,525;9,3152;10,114;9,3152;;1;1;1;1;1;1;1;1;1;1;1;1;1;1;1;1;1;1;1;1;1;1;1;1;1;1;1;1;1;1;;
39890000;2;01/10/1989;;1;1;10,525;4,3254;6,9579;21;14;1;1;1;;0;8,1752;8,1752;8,5474;8,5474;8,5474;8,1752;8,5474;7,4544;6,4321;6,4321;5,4811;4,8872;4,8872;4,3254;4,8872;4,8872;4,8872;4,6022;4,3254;4,3254;10,525;10,114;9,3152;8,9274;8,9274;8,1752;7,1057;6,4321;6,1071;6,4321;7,1057;1;1;1;1;1;1;1;1;1;1;1;1;1;1;1;1;1;1;1;1;1;1;1;1;1;1;1;1;1;1;1;
39890000;2;01/11/1989;;1;1;7,4544;2,6164;5,34;6;30;1;1;1;;0;7,1057;6,1071;6,4321;6,1071;6,1071;7,4544;7,1057;7,4544;6,4321;6,1071;5,4811;5,4811;4,8872;4,8872;4,8872;4,3254;4,3254;3,7961;4,8872;6,7649;6,7649;5,4811;5,1801;4,8872;4,8872;4,3254;3,7961;3,0635;3,0635;2,6164;;1;1;1;1;1;1;1;1;1;1;1;1;1;1;1;1;1;1;1;1;1;1;1;1;1;1;1;1;1;1;;
39890000;2;01/12/1989;;1;1;12,6953;2,8358;6,8124;26;1;1;1;1;;0;2,8358;3,0635;5,4811;4,8872;5,4811;5,7901;5,4811;11,3701;9,7107;6,7649;6,1071;6,1071;5,4811;4,8872;3,7961;4,8872;5,7901;5,4811;6,7649;4,6022;5,4811;9,3152;8,9274;8,1752;10,525;12,6953;11,3701;10,525;7,8109;6,1071;5,4811;1;1;1;1;1;1;1;1;1;1;1;1;1;1;1;1;1;1;1;1;1;1;1;1;1;1;1;1;1;1;1;
39890000;2;01/01/1990;;1;1;8,1752;2,4053;4,3441;31;8;1;1;1;;0;6,7649;6,1071;5,1801;3,7961;4,6022;2,8358;2,6164;2,4053;4,3254;4,0567;4,8872;6,7649;5,7901;4,6022;4,3254;3,7961;3,7961;3,2995;5,4811;5,4811;4,8872;4,8872;5,1801;3,2995;2,8358;2,8358;2,4053;2,4053;3,2995;3,5437;8,1752;1;1;1;1;1;1;1;1;1;1;1;1;1;1;1;1;1;1;1;1;1;1;1;1;1;1;1;1;1;1;1;
39890000;2;01/02/1990;;1;1;7,8109;2,4053;3,736;1;21;1;1;1;;0;7,8109;5,4811;4,6022;4,0567;3,7961;3,2995;3,2995;2,8358;3,7961;3,2995;3,0635;3,2995;3,7961;3,7961;6,4321;6,7649;4,6022;2,8358;2,8358;2,6164;2,4053;2,8358;2,8358;2,8358;2,8358;2,4053;2,8358;3,2995;;;;1;1;1;1;1;1;1;1;1;1;1;1;1;1;1;1;1;1;1;1;1;1;1;1;1;1;1;1;;;;
39890000;2;01/03/1990;;1;1;3,2995;2,0085;2,1024;1;3;1;1;1;;0;3,2995;2,8358;2,0085;2,0085;2,4053;2,4053;2,0085;2,0085;2,0085;2,0085;2,0085;2,0085;2,0085;2,0085;2,0085;2,0085;2,0085;2,0085;2,0085;2,0085;2,0085;2,0085;2,0085;2,0085;2,0085;2,0085;2,0085;2,0085;2,0085;2,0085;2,0085;1;1;1;1;1;1;1;1;1;1;1;1;1;1;1;1;1;1;1;1;1;1;1;1;1;1;1;1;1;1;1;
39890000;2;01/04/1990;;1;1;17,0812;2,0085;6,3267;24;1;1;1;1;;0;2,0085;2,0085;2,0085;2,0085;2,0085;2,0085;2,0085;2,0085;2,0085;2,0085;2,0085;2,0085;2,0085;2,0085;2,0085;2,4053;2,8358;3,2995;3,7961;4,8872;7,4544;9,3152;12,2459;17,0812;16,0537;16,0537;15,0563;17,0812;16,0537;16,0537;;1;1;1;1;1;1;1;1;1;1;1;1;1;1;1;1;1;1;1;1;1;1;1;1;1;1;1;1;1;1;;
39890000;2;01/05/1990;;1;1;13,1523;2,0085;4,7132;1;12;1;1;1;;0;13,1523;11,3701;10,114;8,9274;7,4544;6,4321;5,4811;4,3254;3,7961;3,0635;2,4053;2,0085;2,0085;2,0085;2,0085;2,0085;2,0085;2,0085;2,0085;2,0085;2,4053;2,8358;2,8358;3,2995;3,2995;3,7961;4,3254;5,1801;6,7649;7,4544;9,3152;1;1;1;1;1;1;1;1;1;1;1;1;1;1;1;1;1;1;1;1;1;1;1;1;1;1;1;1;1;1;1;
39890000;2;01/06/1990;;1;1;21,4901;3,2995;8,6669;2;20;1;1;1;;0;11,3701;21,4901;21,4901;18,6786;16,0537;12,6953;9,3152;7,4544;8,5474;10,525;7,8109;6,4321;5,7901;7,8109;8,5474;7,1057;5,7901;4,6022;3,5437;3,2995;4,8872;4,3254;4,3254;4,3254;4,8872;6,1071;6,4321;7,4544;7,1057;11,8042;;1;1;1;1;1;1;1;1;1;1;1;1;1;1;1;1;1;1;1;1;1;1;1;1;1;1;1;1;1;1;;
39890000;2;01/07/1990;;1;1;27,6668;10,525;18,4461;11;22;1;1;1;;0;10,9437;12,6953;15,0563;13,6169;23,2659;23,8726;22,0746;19,7809;14,5689;20,3432;27,6668;23,8726;19,226;17,6062;16,5637;18,6786;20,9129;20,9129;16,5637;13,1523;10,9437;10,525;17,6062;17,6062;12,6953;16,0537;19,7809;27,0161;25,7367;23,2659;19,226;1;1;1;1;1;1;1;1;1;1;1;1;1;1;1;1;1;1;1;1;1;1;1;1;1;1;1;1;1;1;1;
39890000;2;01/08/1990;;1;1;20,9129;7,1057;14,1091;8;30;1;1;1;;0;15,5512;14,5689;16,0537;16,5637;14,5689;16,5637;16,0537;20,9129;19,226;19,7809;18,1387;18,6786;17,6062;15,5512;14,0891;16,5637;15,5512;18,1387;17,0812;13,1523;10,9437;8,9274;9,3152;10,9437;10,114;10,114;10,9437;9,3152;7,8109;7,1057;7,4544;1;1;1;1;1;1;1;1;1;1;1;1;1;1;1;1;1;1;1;1;1;1;1;1;1;1;1;1;1;1;1;
39890000;2;01/09/1990;;1;1;25,7367;2,8358;6,1884;28;9;1;1;1;;0;6,4321;5,7901;5,1801;5,7901;4,8872;4,3254;3,7961;3,2995;2,8358;3,5437;4,3254;3,7961;3,0635;2,8358;3,2995;3,2995;3,7961;4,3254;4,3254;4,3254;3,7961;3,7961;3,7961;3,7961;3,2995;3,2995;10,525;25,7367;25,108;19,226;;1;1;1;1;1;1;1;1;1;1;1;1;1;1;1;1;1;1;1;1;1;1;1;1;1;1;1;1;1;1;;
39890000;2;01/10/1990;;1;1;15,0563;2,6164;5,3176;1;25;1;1;1;;0;15,0563;10,9437;12,2459;11,3701;10,114;8,9274;7,8109;7,1057;6,1071;5,1801;4,6022;3,7961;3,7961;3,7961;3,7961;3,2995;3,0635;3,0635;3,7961;4,3254;3,7961;3,5437;3,0635;2,8358;2,6164;2,6164;2,8358;2,8358;2,8358;2,8358;2,8358;1;1;1;1;1;1;1;1;1;1;1;1;1;1;1;1;1;1;1;1;1;1;1;1;1;1;1;1;1;1;1;
39890000;2;01/11/1990;;1;1;2,6164;2,0085;2,0814;1;6;1;1;1;;0;2,6164;2,4053;2,4053;2,2027;2,2027;2,0085;2,0085;2,0085;2,0085;2,0085;2,0085;2,0085;2,0085;2,0085;2,4053;2,0085;2,0085;2,0085;2,0085;2,0085;2,0085;2,0085;2,0085;2,0085;2,0085;2,0085;2,0085;2,0085;2,0085;2,0085;;1;1;1;1;1;1;1;1;1;1;1;1;1;1;1;1;1;1;1;1;1;1;1;1;1;1;1;1;1;1;;
39890000;2;01/12/1990;;1;1;2,0085;1,6455;1,6863;24;1;1;1;1;;0;1,6455;1,6455;1,6455;1,6455;1,6455;1,6455;1,6455;1,6455;1,6455;1,6455;1,6455;1,6455;1,6455;1,6455;1,6455;1,6455;1,6455;1,6455;1,6455;1,6455;1,6455;1,6455;1,6455;2,0085;2,0085;2,0085;1,8227;1,6455;1,6455;1,6455;1,6455;1;1;1;1;1;1;1;1;1;1;1;1;1;1;1;1;1;1;1;1;1;1;1;1;1;1;1;1;1;1;1;
39890000;2;01/01/1991;;1;1;2,0085;0,5411;1,1507;21;11;1;1;1;;0;1,6455;1,6455;1,3168;1,3168;1,3168;1,3168;1,3168;1,1654;1,0228;0,7641;0,5411;0,5411;0,5411;0,5411;0,5411;0,5411;0,5411;0,5411;0,5411;1,8227;2,0085;1,8227;1,6455;1,6455;1,6455;1,6455;1,3168;1,3168;1,3168;1,0228;0,7641;1;1;1;1;1;1;1;1;1;1;1;1;1;1;1;1;1;1;1;1;1;1;1;1;1;1;1;1;1;1;1;
39890000;2;01/02/1991;;1;1;1,0228;0,4433;0,7151;7;27;1;1;1;;0;0,7641;0,7641;0,7641;0,7641;0,7641;0,889;1,0228;0,7641;0,7641;0,7641;0,7641;0,7641;0,7641;0,7641;0,7641;0,7641;0,7641;0,7641;0,7641;0,7641;0,7641;0,5411;0,5411;0,5411;0,5411;0,5411;0,4433;0,4433;;;;1;1;1;1;1;1;1;1;1;1;1;1;1;1;1;1;1;1;1;1;1;1;1;1;1;1;1;1;;;;
39890000;2;01/03/1991;;1;1;45,4506;0,3548;5,1134;18;30;1;1;1;;0;0,4433;0,4433;0,4433;0,4433;0,4433;0,4433;0,4433;0,4433;0,4433;0,4433;1,8227;4,0567;5,7901;7,8109;13,1523;16,5637;6,7649;45,4506;16,0537;10,114;5,1801;4,6022;3,7961;3,2995;3,2995;2,4053;1,6455;1,0228;0,5411;0,3548;0,3548;1;1;1;1;1;1;1;1;1;1;1;1;1;1;1;1;1;1;1;1;1;1;1;1;1;1;1;1;1;1;1;
39890000;2;01/04/1991;;1;1;1,0228;0,0956;0,2323;30;7;1;1;1;;0;0,2756;0,2756;0,2756;0,2756;0,1458;0,2059;0,0956;0,0956;0,0956;0,0956;0,0956;0,0956;0,0956;0,2059;0,2059;0,2059;0,2059;0,1458;0,1458;0,1458;0,2059;0,2059;0,0956;0,2059;0,3548;0,2059;0,2059;0,5411;0,5411;1,0228;;1;1;1;1;1;1;1;1;1;1;1;1;1;1;1;1;1;1;1;1;1;1;1;1;1;1;1;1;1;1;;
39890000;2;01/05/1991;;1;1;46,281;0,4433;5,0205;22;16;1;1;1;;0;1,0228;2,0085;2,8358;2,6164;2,4053;2,0085;2,0085;1,6455;1,3168;1,3168;1,3168;0,7641;0,7641;0,6481;0,5411;0,4433;0,7641;2,0085;2,4053;4,3254;7,4544;46,281;16,0537;11,3701;9,3152;7,4544;5,7901;4,3254;2,8358;5,4811;6,1071;1;1;1;1;1;1;1;1;1;1;1;1;1;1;1;1;1;1;1;1;1;1;1;1;1;1;1;1;1;1;1;
39890000;2;01/06/1991;;1;1;16,0537;2,8358;7,6215;3;19;1;1;1;;0;7,1057;8,9274;16,0537;16,0537;16,0537;16,0537;16,0537;16,0537;16,0537;14,5689;7,4544;9,7107;8,1752;4,3254;3,7961;3,2995;3,2995;3,2995;2,8358;2,8358;2,8358;3,2995;3,7961;3,7961;3,2995;2,8358;4,3254;4,3254;4,3254;3,7961;;1;1;1;1;1;1;1;1;1;1;1;1;1;1;1;1;1;1;1;1;1;1;1;1;1;1;1;1;1;1;;
39890000;2;01/07/1991;;1;1;27,6668;3,2995;6,9926;31;11;1;1;1;;0;3,7961;3,7961;4,3254;4,3254;4,3254;4,3254;4,3254;4,3254;3,7961;3,7961;3,2995;3,2995;4,3254;3,7961;3,7961;3,7961;4,3254;4,8872;4,8872;4,8872;6,4321;8,1752;10,114;11,8042;15,0563;10,525;7,4544;8,9274;14,0891;14,0891;27,6668;1;1;1;1;1;1;1;1;1;1;1;1;1;1;1;1;1;1;1;1;1;1;1;1;1;1;1;1;1;1;1;
39890000;2;01/08/1991;;1;1;381,1151;4,3254;37,7457;17;8;1;1;1;;0;16,0537;11,3701;9,3152;7,8109;6,4321;5,4811;4,8872;4,3254;4,3254;4,3254;6,1071;7,1057;7,4544;7,4544;8,5474;34,5732;381,1151;294,2731;125,3509;71,4687;28,7606;23,2053;21,6591;13,9367;8,8887;10,9085;8,263;7,0827;5,4884;10,2114;13,9367;1;1;1;1;1;1;1;1;1;1;1;1;1;1;1;1;1;1;1;1;1;1;1;1;1;1;1;1;1;1;1;
39890000;2;01/10/1991;;1;1;1,9543;1,4182;1,7806;1;20;1;1;1;;0;1,9543;1,9543;1,9543;1,9543;1,9543;1,9543;1,9543;1,9543;1,9543;1,6751;1,6751;1,6751;1,9543;1,9543;1,9543;1,8119;1,6751;1,6751;1,5439;1,4182;1,4182;1,4182;1,8119;1,8119;1,8119;1,8119;1,8119;1,6751;1,6751;1,6751;1,6751;1;1;1;1;1;1;1;1;1;1;1;1;1;1;1;1;1;1;1;1;1;1;1;1;1;1;1;1;1;1;1;
39890000;2;01/11/1991;;1;1;3,2962;0,3354;1,2798;20;9;1;1;1;;0;1,2981;1,2981;1,1834;0,9706;0,7796;0,7796;0,6102;0,4622;0,3354;0,3354;0,3962;0,6922;0,7796;0,5336;1,1834;1,1834;1,5439;1,8119;1,8119;3,2962;2,9267;1,9543;1,9543;1,9543;1,6751;1,6751;1,4182;1,1834;1,1834;1,1834;;1;1;1;1;1;1;1;1;1;1;1;1;1;1;1;1;1;1;1;1;1;1;1;1;1;1;1;1;1;1;;
39890000;2;01/08/1992;;1;1;;;;;;0;0;0;;0;;;;;;;;;;;;;;;;;;13,9367;16,0254;15,1718;13,5371;13,5371;11,999;11,999;10,9085;10,9085;10,2114;9,8718;10,9085;12,3745;13,9367;;;;;;;;;;;;;;;;;;1;1;1;1;1;1;1;1;1;1;1;1;1;1;
39890000;2;01/09/1992;;1;1;39,6321;7,661;16,3223;23;9;1;1;1;;0;12,756;9,8718;10,9085;10,9085;10,2114;10,5569;8,8887;8,263;7,661;7,661;7,661;10,9085;16,4614;21,6591;35,5887;29,3502;23,2053;22,6838;15,1718;20,1681;21,6591;28,7606;39,6321;23,2053;18,2659;13,9367;11,266;10,5569;11,6295;10,2114;;1;1;1;1;1;1;1;1;1;1;1;1;1;1;1;1;1;1;1;1;1;1;1;1;1;1;1;1;1;1;;
39890000;2;01/10/1992;;1;1;6,5278;0,0081;1,6636;28;7;1;1;1;;0;0,3354;0,3354;0,7796;0,3354;1,0743;1,0743;0,0081;0,0081;0,0543;0,1093;0,1093;0,0341;0,1093;0,3354;0,3354;1,5439;1,2981;1,2981;0,1093;0,3354;0,3354;0,3354;2,58;2,58;5,2431;5,0037;5,4884;6,5278;4,5422;4,7701;4,5422;1;1;1;1;1;1;1;1;1;1;1;1;1;1;1;1;1;1;1;1;1;1;1;1;1;1;1;1;1;1;1;
39890000;2;01/11/1992;;1;1;6,5278;2,2559;4,1164;10;30;1;1;1;;0;5,0037;4,5422;4,5422;4,3202;4,3202;4,1039;4,1039;4,1039;5,0037;6,5278;5,9964;5,0037;4,7701;4,5422;4,5422;4,5422;4,3202;4,1039;3,8934;3,8934;3,6886;3,4895;3,4895;3,2962;3,1086;3,8934;2,9267;2,7505;2,4151;2,2559;;1;1;1;1;1;1;1;1;1;1;1;1;1;1;1;1;1;1;1;1;1;1;1;1;1;1;1;1;1;1;;
39890000;2;01/03/1993;;1;1;;;;;;0;0;0;;0;;;;;;;;;;;;;;;;;;0,6922;0,5336;0,3962;0,5336;0,8724;1,1834;0,9706;1,0743;1,1834;1,0743;1,0743;1,1834;1,1834;1,1834;;;;;;;;;;;;;;;;;;1;1;1;1;1;1;1;1;1;1;1;1;1;1;
39890000;2;01/04/1993;;1;1;7,9591;1,1834;3,7463;29;1;1;1;1;;0;1,1834;1,1834;1,6751;1,5439;2,58;2,58;1,8119;1,8119;1,8119;2,2559;2,1023;2,58;2,9267;2,9267;2,58;3,1086;3,1086;4,1039;4,5422;4,7701;4,5422;5,7395;5,7395;6,2592;5,0037;5,2431;6,5278;6,5278;7,9591;7,661;;1;1;1;1;1;1;1;1;1;1;1;1;1;1;1;1;1;1;1;1;1;1;1;1;1;1;1;1;1;1;;
39890000;2;01/05/1993;;1;1;8,263;0,8724;3,9789;4;21;1;1;1;;0;7,0827;7,3689;7,0827;8,263;7,0827;5,9964;6,2592;6,2592;4,3202;4,1039;3,8934;2,7505;2,7505;2,9267;1,6751;1,8119;1,6751;1,9543;1,2981;0,9706;0,8724;1,0743;1,0743;1,8119;2,58;4,3202;5,2431;7,661;4,5422;4,3202;4,3202;1;1;1;1;1;1;1;1;1;1;1;1;1;1;1;1;1;1;1;1;1;1;1;1;1;1;1;1;1;1;1;
39890000;2;01/07/1993;;1;1;21,156;0,4622;5,2025;20;3;1;1;1;;0;0,5336;0,6922;0,4622;0,6922;1,2981;0,9706;1,1834;1,1834;1,6751;1,4182;1,8119;2,58;2,7505;3,2962;3,8934;4,7701;4,7701;6,2592;10,9085;21,156;11,266;13,1436;11,6295;10,2114;7,3689;8,5729;7,661;5,2431;4,7701;5,0037;4,1039;1;1;1;1;1;1;1;1;1;1;1;1;1;1;1;1;1;1;1;1;1;1;1;1;1;1;1;1;1;1;1;
39890000;2;01/08/1993;;1;1;14,754;0,4622;5,9011;23;8;1;1;1;;0;2,7505;3,8934;3,2962;2,9267;3,1086;1,4182;1,5439;0,4622;6,2592;7,0827;5,7395;6,2592;7,661;7,0827;5,4884;4,7701;3,1086;3,8934;5,2431;5,4884;8,263;11,6295;14,754;11,266;10,5569;9,2105;8,5729;6,8023;5,7395;4,7701;3,8934;1;1;1;1;1;1;1;1;1;1;1;1;1;1;1;1;1;1;1;1;1;1;1;1;1;1;1;1;1;1;1;
39890000;2;01/09/1993;;1;1;3,4895;0,1844;1,4195;6;15;1;1;1;;0;2,7505;1,2981;1,5439;2,4151;3,2962;3,4895;2,2559;1,6751;1,8119;1,2981;0,9706;1,1834;0,6922;0,3354;0,1844;0,2296;0,2799;0,3962;0,3962;0,5336;1,0743;1,4182;1,4182;1,4182;0,9706;0,5336;1,0743;1,9543;2,58;3,1086;;1;1;1;1;1;1;1;1;1;1;1;1;1;1;1;1;1;1;1;1;1;1;1;1;1;1;1;1;1;1;;
39890000;2;01/10/1993;;1;1;29,3502;4,7701;15,2041;27;1;1;1;1;;0;4,7701;5,2431;7,661;8,8887;11,6295;14,754;17,3515;20,659;17,8057;16,0254;13,9367;14,3424;13,1436;12,3745;10,5569;9,2105;9,2105;9,5381;12,756;16,9034;19,2048;18,7323;21,156;19,6834;18,2659;22,6838;29,3502;22,6838;20,659;17,8057;14,3424;1;1;1;1;1;1;1;1;1;1;1;1;1;1;1;1;1;1;1;1;1;1;1;1;1;1;1;1;1;1;1;
39890000;2;01/11/1993;;1;1;22,6838;0,3354;5,595;1;25;1;1;1;;0;22,6838;19,2048;17,3515;14,3424;13,5371;11,999;10,9085;10,5569;8,8887;4,7701;5,0037;3,8934;2,4151;1,5439;1,1834;0,6922;0,7796;1,2981;1,4182;1,8119;2,4151;2,58;3,1086;0,8724;0,3354;0,6102;0,6102;1,0743;0,7796;1,1834;;1;1;1;1;1;1;1;1;1;1;1;1;1;1;1;1;1;1;1;1;1;1;1;1;1;1;1;1;1;1;;
39890000;2;01/12/1993;;1;1;;;;;;0;0;0;;0;1,0743;1,5439;1,0743;1,5439;;;;;;;;;;;;0,2799;0,1844;0,0543;0,0341;0,0793;0,0793;0,2296;0,3962;0,3354;0,1844;0,1093;0,0188;0,0019;0,0081;0,1844;0,5336;1;1;1;1;;;;;;;;;;;;1;1;1;1;1;1;1;1;1;1;1;1;1;1;1;1;
39890000;2;01/01/1994;;1;1;4,5422;0,1443;0,6841;7;19;1;1;1;;0;0,3354;0,3354;0,2799;0,2799;0,2799;2,58;4,5422;2,58;1,1834;0,8724;0,7796;0,6102;0,4622;0,3962;0,2799;0,2296;0,1844;0,1844;0,1443;0,2799;0,3354;0,3962;0,6102;0,6102;0,3962;0,4622;0,3354;0,2296;0,3354;0,5336;0,1443;1;1;1;1;1;1;1;1;1;1;1;1;1;1;1;1;1;1;1;1;1;1;1;1;1;1;1;1;1;1;1;
39890000;2;01/02/1994;;1;1;0,8724;0,0081;0,1643;28;4;1;1;1;;0;0,0793;0,0793;0,0341;0,0081;0,0793;0,0543;0,1443;0,0793;0,0341;0,0341;0,0793;0,0793;0,2296;0,1093;0,2296;0,1844;0,2799;0,2296;0,1093;0,0341;0,0188;0,0341;0,0793;0,0543;0,2799;0,6102;0,4622;0,8724;;;;1;1;1;1;1;1;1;1;1;1;1;1;1;1;1;1;1;1;1;1;1;1;1;1;1;1;1;1;;;;
39890000;2;01/03/1994;;1;1;17,3515;0,0793;3,1849;29;13;1;1;1;;0;0,6102;1,2981;0,6102;0,2296;0,1093;0,2799;0,3962;0,1844;0,1443;0,3962;0,6102;0,2799;0,0793;0,1844;0,4622;0,6102;0,9706;0,6922;1,2981;1,8119;1,0743;1,4182;1,5439;1,1834;4,7701;6,8023;10,9085;16,9034;17,3515;12,3745;13,1436;1;1;1;1;1;1;1;1;1;1;1;1;1;1;1;1;1;1;1;1;1;1;1;1;1;1;1;1;1;1;1;
39890000;2;01/04/1994;;1;1;7,661;0,2296;2,5006;30;14;1;1;1;;0;5,7395;5,0037;3,4895;3,2962;3,8934;2,9267;2,2559;1,5439;1,2981;0,8724;0,6102;0,3962;0,2799;0,2296;0,6102;0,5336;0,3354;0,9706;1,8119;2,58;2,9267;3,1086;2,2559;2,2559;2,2559;2,58;3,4895;4,3202;5,4884;7,661;;1;1;1;1;1;1;1;1;1;1;1;1;1;1;1;1;1;1;1;1;1;1;1;1;1;1;1;1;1;1;;
39890000;2;01/05/1994;;1;1;27,6;4,5422;11,8629;15;31;1;1;1;;0;10,2114;8,5729;8,263;8,5729;7,9591;7,9591;8,5729;8,5729;8,263;8,263;9,2105;10,9085;16,0254;25,9056;27,6;25,3532;21,156;18,7323;16,4614;14,754;13,1436;11,6295;10,5569;10,9085;10,5569;9,2105;8,5729;6,8023;5,7395;4,7701;4,5422;1;1;1;1;1;1;1;1;1;1;1;1;1;1;1;1;1;1;1;1;1;1;1;1;1;1;1;1;1;1;1;
39890000;2;01/06/1994;;1;1;256,3926;10,2114;46,9785;20;15;1;1;1;;0;27,6;49,1703;98,1138;92,6496;72,4128;46,1218;25,9056;18,2659;22,1684;19,6834;16,9034;14,754;13,1436;11,6295;10,2114;10,9085;16,0254;23,2053;85,2724;256,3926;178,356;70,7202;35,946;27,0656;25,9818;29,8778;23,8844;32,2339;29,3036;25,4487;;1;1;1;1;1;1;1;1;1;1;1;1;1;1;1;1;1;1;1;1;1;1;1;1;1;1;1;1;1;1;;
39890000;2;01/07/1994;;1;1;83,0869;19,5054;30,7089;1;12;1;1;1;;0;83,0869;48,3763;31,044;29,3036;23,3747;20,913;20,438;34,0631;39,2034;27,0656;20,438;19,5054;21,8803;21,3937;27,6163;29,3036;32,8377;42,6108;44,0159;28,1728;22,3726;19,9688;20,913;22,3726;20,438;19,9688;20,438;41,2298;46,1689;41,2298;32,2339;1;1;1;1;1;1;1;1;1;1;1;1;1;1;1;1;1;1;1;1;1;1;1;1;1;1;1;1;1;1;1;
39890000;2;01/08/1994;;1;1;38,5399;8,8353;17,9928;19;31;1;1;1;;0;32,2339;23,8844;19,5054;15,5927;13,2402;11,7846;11,4347;11,4347;11,4347;16,0046;20,913;17,7092;15,5927;15,5927;15,1864;23,3747;17,7092;19,5054;38,5399;32,8377;28,1728;21,8803;19,0477;17,2745;16,0046;14,391;13,2402;12,5012;12,5012;10,4183;8,8353;1;1;1;1;1;1;1;1;1;1;1;1;1;1;1;1;1;1;1;1;1;1;1;1;1;1;1;1;1;1;1;
39890000;2;01/09/1994;;1;1;27,6163;7,3897;11,4588;16;7;1;1;1;;0;12,8679;15,5927;13,6182;11,4347;10,0907;8,8353;7,3897;7,6679;7,3897;8,8353;8,2406;9,1409;11,0903;19,9688;23,8844;27,6163;15,1864;11,7846;11,4347;11,0903;11,0903;10,7516;10,0907;9,1409;9,7686;8,2406;7,9515;7,9515;7,9515;7,6679;;1;1;1;1;1;1;1;1;1;1;1;1;1;1;1;1;1;1;1;1;1;1;1;1;1;1;1;1;1;1;;
39890000;2;01/10/1994;;1;1;8,2406;2,6214;5,1581;1;27;1;1;1;;0;8,2406;7,6679;7,9515;7,3897;7,3897;7,6679;7,3897;7,6679;6,8495;6,0799;5,8341;5,3587;5,1289;4,9045;4,9045;4,6854;4,4716;4,2631;3,8618;3,6691;3,4815;3,2992;3,6691;3,6691;3,122;2,95;2,6214;4,6854;4,0599;3,2992;3,6691;1;1;1;1;1;1;1;1;1;1;1;1;1;1;1;1;1;1;1;1;1;1;1;1;1;1;1;1;1;1;1;
39890000;2;01/11/1994;;1;1;2,7831;0,8853;1,3961;1;27;1;1;1;;0;2,7831;2,1669;2,0255;1,8892;1,7579;1,6316;1,3938;1,2824;1,1758;1,0741;1,1758;1,2824;1,2824;1,3938;1,5102;1,5102;1,3938;1,3938;1,3938;1,2824;1,1758;1,1758;1,0741;1,0741;0,9773;0,9773;0,8853;1,1758;1,1758;1,3938;;1;1;1;1;1;1;1;1;1;1;1;1;1;1;1;1;1;1;1;1;1;1;1;1;1;1;1;1;1;1;;
39890000;2;01/12/1994;;1;1;2,0255;1,7579;1,775;25;1;1;1;1;;0;1,7579;1,7579;1,7579;1,7579;1,7579;1,7579;1,7579;1,7579;1,7579;1,7579;1,7579;1,7579;1,7579;1,7579;1,7579;1,7579;1,7579;1,7579;1,7579;1,7579;1,7579;1,8892;1,7579;1,7579;2,0255;1,8892;1,7579;1,7579;1,7579;1,7579;1,7579;1;1;1;1;1;1;1;1;1;1;1;1;1;1;1;1;1;1;1;1;1;1;1;1;1;1;1;1;1;1;1;
39890000;2;01/01/1995;;1;1;2,1669;1,7579;1,7928;27;3;1;1;1;;0;1,8892;1,8892;1,7579;1,7579;1,7579;1,7579;1,7579;1,7579;1,7579;1,7579;1,7579;1,7579;1,7579;1,7579;1,7579;1,7579;1,7579;1,7579;1,7579;1,7579;1,7579;1,7579;1,7579;1,7579;1,7579;1,7579;2,1669;2,1669;1,7579;1,7579;1,7579;1;1;1;1;1;1;1;1;1;1;1;1;1;1;1;1;1;1;1;1;1;1;1;1;1;1;1;1;1;1;1;
39890000;2;01/05/1995;;1;1;;;;;;0;0;0;;0;11,0903;9,7686;6,8495;4,4716;2,6214;1,7579;1,6316;1,2824;;;;;;;;;10,7516;11,7846;;;;;;;;;;;7,9515;5,5937;4,6854;1;1;1;1;1;1;1;1;;;;;;;;;1;1;;;;;;;;;;;1;1;1;
39890000;2;01/06/1995;;1;1;25,9818;4,6854;13,6373;11;1;1;1;1;;0;4,6854;4,6854;5,1289;6,0799;7,1169;9,452;11,7846;24,9214;25,4487;25,4487;25,9818;21,3937;17,7092;16,0046;14,391;12,5012;10,7516;11,0903;11,4347;11,7846;11,7846;12,5012;12,5012;14,0018;14,7859;15,5927;14,391;13,2402;11,4347;11,0903;;1;1;1;1;1;1;1;1;1;1;1;1;1;1;1;1;1;1;1;1;1;1;1;1;1;1;1;1;1;1;;
39890000;2;01/07/1995;;1;1;119,2587;3,4815;33,4384;4;14;1;1;1;;0;15,1864;21,3937;87,1047;119,2587;104,1846;95,4424;85,0832;76,2968;62,774;58,5755;56,1301;45,4451;39,8728;3,4815;4,2631;4,9045;6,8495;7,3897;8,5352;9,7686;9,1409;9,452;9,7686;10,7516;11,0903;12,1401;11,4347;11,4347;11,7846;12,8679;14,7859;1;1;1;1;1;1;1;1;1;1;1;1;1;1;1;1;1;1;1;1;1;1;1;1;1;1;1;1;1;1;1;
39890000;2;01/08/1995;;1;1;14,7859;6,3311;8,903;1;17;1;1;1;;0;14,7859;14,391;13,2402;11,7846;11,0903;10,7516;10,0907;8,8353;8,8353;8,2406;7,9515;7,3897;7,3897;7,3897;6,8495;6,5876;6,3311;6,8495;7,6679;7,3897;7,9515;8,5352;8,8353;8,8353;8,8353;8,5352;8,2406;7,9515;7,9515;8,2406;8,2406;1;1;1;1;1;1;1;1;1;1;1;1;1;1;1;1;1;1;1;1;1;1;1;1;1;1;1;1;1;1;1;
39890000;2;01/09/1995;;1;1;;;;;;0;0;0;;0;7,9515;7,6679;6,8495;6,8495;6,5876;6,3311;6,3311;6,0799;6,3311;6,3311;;;;;;;;;;;;;;;;;;;;;;1;1;1;1;1;1;1;1;1;1;;;;;;;;;;;;;;;;;;;;;;
39890000;2;01/03/1996;;1;1;3,8618;1,5102;2,3918;19;2;1;1;1;;0;1,6316;1,5102;1,6316;1,6316;1,6316;1,7579;1,7579;1,7579;1,6316;1,7579;1,8892;1,8892;2,0255;2,0255;2,0255;2,0255;2,3133;2,7831;3,8618;3,6691;3,4815;3,122;2,95;2,95;2,7831;2,6214;2,6214;2,4648;2,7831;3,2992;3,8618;1;1;1;1;1;1;1;1;1;1;1;1;1;1;1;1;1;1;1;1;1;1;1;1;1;1;1;1;1;1;1;
39890000;2;01/04/1996;;1;1;248,3701;4,2631;22,9539;29;1;1;1;1;;0;4,2631;5,5937;5,3587;5,1289;5,3587;5,3587;5,3587;17,7092;11,7846;11,4347;9,452;7,1169;18,1496;17,7092;16,0046;16,0046;20,913;7,1169;10,0907;14,391;15,1864;14,391;16,0046;19,0477;31,636;26,5207;21,8803;21,8803;248,3701;59,4029;;1;1;1;1;1;1;1;1;1;1;1;1;1;1;1;1;1;1;1;1;1;1;1;1;1;1;1;1;1;1;;
39890000;2;01/05/1996;;1;1;;;;;;0;0;0;;0;6,0799;7,1169;9,452;12,5012;14,391;20,913;18,5958;18,1496;10,4183;8,5352;5,1289;4,0599;;;;;;;;;;;;;;;;;;35,946;18,5958;1;1;1;1;1;1;1;1;1;1;1;1;;;;;;;;;;;;;;;;;;1;1;
39890000;2;01/06/1996;;1;1;89,1513;8,5352;27,643;15;30;1;1;1;;0;14,7859;9,1409;10,7516;12,8679;16,0046;18,1496;15,1864;12,1401;11,4347;11,0903;11,0903;29,8778;52,177;85,0832;89,1513;75,3518;49,8783;35,946;31,636;30,458;29,8778;29,3036;28,1728;27,0656;25,4487;19,5054;15,1864;13,2402;10,7516;8,5352;;1;1;1;1;1;1;1;1;1;1;1;1;1;1;1;1;1;1;1;1;1;1;1;1;1;1;1;1;1;1;;
39890000;2;01/07/1996;;1;1;46,1689;4,4716;15,8195;1;19;1;1;1;;0;46,1689;25,4487;21,8803;18,1496;19,0477;19,9688;21,3937;24,4;26,5207;19,5054;17,2745;15,1864;12,8679;11,7846;10,7516;9,452;7,6679;6,0799;4,4716;5,3587;6,0799;6,5876;7,3897;9,1409;9,452;12,5012;12,5012;14,0018;19,5054;23,8844;25,9818;1;1;1;1;1;1;1;1;1;1;1;1;1;1;1;1;1;1;1;1;1;1;1;1;1;1;1;1;1;1;1;
39890000;2;01/08/1996;;1;1;70,7202;15,1864;32,5634;4;14;1;1;1;;0;37,8825;35,946;61,922;70,7202;61,922;46,1689;35,946;29,8778;53,7399;42,6108;29,8778;24,4;19,5054;15,1864;17,2745;16,4222;16,4222;16,4222;16,0046;16,4222;19,0477;18,5958;20,913;23,8844;25,4487;70,7202;42,6108;36,5855;32,2339;29,3036;25,4487;1;1;1;1;1;1;1;1;1;1;1;1;1;1;1;1;1;1;1;1;1;1;1;1;1;1;1;1;1;1;1;
39890000;2;01/09/1996;;1;1;15,5927;7,3897;10,0997;2;7;1;1;1;;0;12,8679;15,5927;13,6182;11,4347;10,0907;8,8353;7,3897;7,6679;7,3897;8,8353;8,2406;9,1409;11,0903;10,4183;10,7516;11,0903;11,4347;11,7846;11,4347;11,0903;11,0903;10,7516;10,7516;9,1409;9,7686;9,7686;7,9515;7,9515;7,9515;7,6679;;1;1;1;1;1;1;1;1;1;1;1;1;1;1;1;1;1;1;1;1;1;1;1;1;1;1;1;1;1;1;;
39890000;2;01/10/1996;;1;1;8,2406;2,6214;5,1581;1;27;1;1;1;;0;8,2406;7,6679;7,9515;7,3897;7,3897;7,6679;7,3897;7,6679;6,8495;6,0799;5,8341;5,3587;5,1289;4,9045;4,9045;4,6854;4,4716;4,2631;3,8618;3,6691;3,4815;3,2992;3,6691;3,6691;3,122;2,95;2,6214;4,6854;4,0599;3,2992;3,6691;1;1;1;1;1;1;1;1;1;1;1;1;1;1;1;1;1;1;1;1;1;1;1;1;1;1;1;1;1;1;1;
39890000;2;01/11/1996;;1;1;6,0799;2,0255;3,4537;1;27;1;1;1;;0;6,0799;5,5937;5,1289;4,2631;4,2631;4,0599;3,6691;3,2992;3,6691;3,8618;4,0599;4,2631;4,2631;3,8618;4,0599;3,6691;3,2992;3,122;2,95;2,95;2,95;2,6214;2,4648;2,4648;2,3133;2,1669;2,0255;2,0255;2,1669;2,0255;;1;1;1;1;1;1;1;1;1;1;1;1;1;1;1;1;1;1;1;1;1;1;1;1;1;1;1;1;1;1;;
39890000;2;01/12/1996;;1;1;2,0255;1,7579;1,8433;1;17;1;1;1;;0;2,0255;2,0255;2,0255;2,0255;1,8892;1,8892;1,8892;1,8892;1,8892;1,8892;1,8892;1,8892;1,8892;1,8892;1,8892;1,8892;1,7579;1,7579;1,7579;1,7579;1,7579;1,7579;1,7579;1,7579;1,7579;1,7579;1,7579;1,7579;1,7579;1,7579;1,7579;1;1;1;1;1;1;1;1;1;1;1;1;1;1;1;1;1;1;1;1;1;1;1;1;1;1;1;1;1;1;1;
39890000;2;01/01/1997;;1;1;3,4815;2,6214;3,0459;23;15;1;1;1;;0;3,122;3,122;3,122;2,95;2,95;2,95;2,95;3,122;3,2992;3,2992;3,122;3,122;2,95;2,95;2,6214;2,6214;2,6214;2,6214;2,6214;2,6214;2,6214;2,6214;3,4815;3,4815;3,4815;3,4815;3,2992;3,2992;3,2992;3,2992;3,2992;1;1;1;1;1;1;1;1;1;1;1;1;1;1;1;1;1;1;1;1;1;1;1;1;1;1;1;1;1;1;1;
39890000;2;01/02/1997;;1;1;6,3311;2,3133;3,4689;11;24;1;1;1;;0;3,2992;3,2992;3,2992;3,2992;3,6691;3,8618;4,2631;4,2631;5,5937;6,0799;6,3311;3,122;3,2992;3,122;3,6691;3,2992;3,4815;3,4815;2,7831;2,6214;2,7831;2,7831;2,6214;2,3133;2,6214;2,4648;2,6214;2,7831;;;;1;1;1;1;1;1;1;1;1;1;1;1;1;1;1;1;1;1;1;1;1;1;1;1;1;1;1;1;;;;
39890000;2;01/03/1997;;1;1;25,9818;2,4648;7,3408;25;2;1;1;1;;0;2,6214;2,4648;2,4648;2,6214;2,6214;2,7831;3,122;3,122;2,95;2,95;2,7831;2,7831;3,2992;3,8618;4,2631;4,6854;5,5937;6,0799;6,3311;6,5876;6,3311;6,5876;6,3311;8,2406;25,9818;24,9214;21,8803;17,7092;14,391;11,4347;9,7686;1;1;1;1;1;1;1;1;1;1;1;1;1;1;1;1;1;1;1;1;1;1;1;1;1;1;1;1;1;1;1;
39890000;2;01/04/1997;;1;1;12,1401;7,3897;9,001;16;23;1;1;1;;0;9,452;9,1409;9,1409;9,1409;8,8353;8,8353;8,8353;8,5352;8,5352;8,5352;8,5352;8,2406;8,2406;9,1409;11,0903;12,1401;11,4347;10,0907;9,452;8,8353;8,2406;8,2406;7,3897;7,6679;7,6679;7,9515;8,2406;8,2406;9,452;10,7516;;1;1;1;1;1;1;1;1;1;1;1;1;1;1;1;1;1;1;1;1;1;1;1;1;1;1;1;1;1;1;;
39890000;2;01/05/1997;;1;1;73,4805;10,0907;22,2738;10;19;1;1;1;;0;21,3937;22,8707;24,9214;21,3937;19,5054;19,0477;20,438;49,8783;66,2437;73,4805;20,438;17,2745;15,5927;16,0046;18,1496;16,4222;14,391;11,7846;10,0907;37,231;20,438;20,913;19,0477;17,7092;18,1496;16,4222;14,0018;11,4347;10,4183;11,7846;13,6182;1;1;1;1;1;1;1;1;1;1;1;1;1;1;1;1;1;1;1;1;1;1;1;1;1;1;1;1;1;1;1;
39890000;2;01/06/1997;;1;1;57,7542;5,3587;12,6668;3;25;1;1;1;;0;15,5927;18,1496;57,7542;33,4475;26,5207;16,4222;11,7846;11,7846;11,0903;11,7846;11,4347;11,4347;10,7516;10,7516;10,0907;9,1409;8,2406;7,6679;6,8495;6,5876;6,3311;6,0799;6,0799;5,8341;5,3587;5,8341;7,1169;8,5352;9,7686;11,7846;;1;1;1;1;1;1;1;1;1;1;1;1;1;1;1;1;1;1;1;1;1;1;1;1;1;1;1;1;1;1;;
39890000;2;01/07/1997;;1;1;53,7399;14,0018;29,0739;30;7;1;1;1;;0;18,5958;15,1864;16,0046;20,438;25,9818;31,044;14,0018;15,5927;14,7859;35,3124;49,8783;39,2034;25,4487;21,8803;20,913;25,4487;27,6163;32,8377;41,2298;49,1243;41,2298;25,9818;29,8778;27,0656;24,4;21,8803;19,5054;17,2745;52,177;53,7399;47,6344;1;1;1;1;1;1;1;1;1;1;1;1;1;1;1;1;1;1;1;1;1;1;1;1;1;1;1;1;1;1;1;
39890000;2;01/08/1997;;1;1;35,3124;9,7686;19,9736;1;31;1;1;1;;0;35,3124;25,9818;19,9688;18,5958;19,0477;17,2745;16,4222;19,0477;21,3937;22,8707;24,4;25,4487;23,3747;19,0477;15,5927;25,4487;34,0631;32,8377;29,8778;27,0656;21,8803;18,5958;16,0046;13,6182;12,1401;11,0903;11,0903;10,7516;10,7516;10,4183;9,7686;1;1;1;1;1;1;1;1;1;1;1;1;1;1;1;1;1;1;1;1;1;1;1;1;1;1;1;1;1;1;1;
39890000;2;01/09/1997;;1;1;10,4183;3,2992;5,6497;1;30;1;1;1;;0;10,4183;9,1409;9,1409;8,5352;8,2406;7,9515;7,6679;7,6679;7,1169;6,3311;6,0799;5,8341;5,5937;5,3587;4,9045;4,9045;4,4716;4,4716;4,2631;4,2631;4,2631;4,0599;4,0599;3,6691;3,6691;3,6691;3,4815;3,4815;3,4815;3,2992;;1;1;1;1;1;1;1;1;1;1;1;1;1;1;1;1;1;1;1;1;1;1;1;1;1;1;1;1;1;1;;
39890000;2;01/10/1997;;1;1;3,2992;2,1669;2,7598;1;29;1;1;1;;0;3,2992;3,2992;3,2992;3,122;3,122;3,122;3,122;3,122;3,122;2,95;2,95;2,95;2,95;2,95;2,7831;2,7831;2,7831;2,7831;2,7831;2,7831;2,7831;2,3133;2,3133;2,3133;2,3133;2,3133;2,3133;2,3133;2,1669;2,1669;2,1669;1;1;1;1;1;1;1;1;1;1;1;1;1;1;1;1;1;1;1;1;1;1;1;1;1;1;1;1;1;1;1;
39890000;2;01/11/1997;;1;1;2,1669;1,2824;1,8355;1;26;1;1;1;;0;2,1669;2,1669;2,1669;2,1669;2,1669;2,0255;2,0255;2,0255;2,0255;2,0255;2,0255;2,0255;1,8892;1,8892;1,8892;1,8892;1,8892;1,8892;1,7579;1,7579;1,7579;1,7579;1,7579;1,7579;1,7579;1,2824;1,2824;1,2824;1,2824;1,2824;;1;1;1;1;1;1;1;1;1;1;1;1;1;1;1;1;1;1;1;1;1;1;1;1;1;1;1;1;1;1;;
39890000;2;01/12/1997;;1;1;3,6691;0,8853;2,1801;20;7;1;1;1;;0;1,2824;1,2824;1,2824;1,0741;1,0741;1,0741;0,8853;0,8853;0,8853;1,2824;1,2824;1,6316;1,6316;1,6316;1,8892;2,0255;2,3133;2,4648;3,122;3,6691;2,95;3,122;3,122;3,2992;3,2992;3,6691;3,4815;2,95;2,95;3,122;2,95;1;1;1;1;1;1;1;1;1;1;1;1;1;1;1;1;1;1;1;1;1;1;1;1;1;1;1;1;1;1;1;
39890000;2;01/01/1998;;1;1;2,95;0,5651;1,4375;1;18;1;1;1;;0;2,95;2,95;2,3133;2,3133;2,1669;2,1669;2,1669;1,8892;1,8892;1,6316;1,6316;1,2824;1,0741;1,0741;0,9773;0,7981;0,7157;0,5651;0,5651;0,8853;0,8853;1,0741;1,0741;1,1758;1,1758;1,2824;1,2824;1,2824;1,1758;1,0741;1,0741;1;1;1;1;1;1;1;1;1;1;1;1;1;1;1;1;1;1;1;1;1;1;1;1;1;1;1;1;1;1;1;
39890000;2;01/02/1998;;1;1;1,7579;0,3195;0,6925;3;15;1;1;1;;0;1,1758;1,3938;1,7579;1,6316;1,5102;1,3938;1,3938;1,0741;0,9773;0,7981;0,5651;0,4968;0,374;0,374;0,3195;0,3195;0,3195;0,3195;0,3195;0,3195;0,3195;0,3195;0,3195;0,3195;0,3195;0,3195;0,3195;0,3195;;;;1;1;1;1;1;1;1;1;1;1;1;1;1;1;1;1;1;1;1;1;1;1;1;1;1;1;1;1;;;;
39890000;2;01/03/1998;;1;1;3,4815;0,3195;1,2496;12;1;1;1;1;;0;0,3195;0,3195;0,374;0,374;0,374;0,4331;0,4331;0,4331;0,4331;1,5102;3,122;3,4815;3,2992;2,7831;2,1669;1,7579;1,3938;1,2824;1,2824;1,0741;1,0741;1,0741;1,0741;1,0741;0,9773;0,9773;0,9773;0,8853;1,0741;1,3938;1,5102;1;1;1;1;1;1;1;1;1;1;1;1;1;1;1;1;1;1;1;1;1;1;1;1;1;1;1;1;1;1;1;
39890000;2;01/04/1998;;1;1;9,7686;1,0741;2,3664;26;16;1;1;1;;0;1,8892;1,7579;1,8892;1,7579;1,6316;1,2824;1,2824;1,2824;1,2824;1,2824;1,2824;1,2824;1,3938;1,1758;1,1758;1,0741;1,0741;1,0741;1,0741;1,0741;1,0741;1,1758;1,7579;4,0599;9,452;9,7686;5,5937;4,4716;3,6691;2,95;;1;1;1;1;1;1;1;1;1;1;1;1;1;1;1;1;1;1;1;1;1;1;1;1;1;1;1;1;1;1;;
39890000;2;01/05/1998;;1;1;8,8353;1,5102;4,5762;15;6;1;1;1;;0;2,1669;1,7579;1,7579;1,6316;1,6316;1,5102;1,5102;1,5102;1,7579;3,6691;5,8341;7,3897;7,3897;7,9515;8,8353;8,5352;7,9515;7,6679;7,6679;6,5876;5,8341;5,3587;4,9045;4,2631;4,0599;3,8618;3,4815;3,4815;2,95;2,6214;6,3311;1;1;1;1;1;1;1;1;1;1;1;1;1;1;1;1;1;1;1;1;1;1;1;1;1;1;1;1;1;1;1;
39890000;2;01/06/1998;;1;1;27,6163;4,9045;8,0988;7;5;1;1;1;;0;6,0799;5,8341;5,3587;5,5937;4,9045;11,7846;27,6163;25,9818;16,4222;11,0903;9,7686;7,6679;6,8495;6,0799;5,3587;6,0799;7,1169;6,3311;5,5937;5,3587;5,1289;4,9045;5,3587;5,8341;5,8341;5,5937;5,3587;5,1289;5,8341;7,1169;;1;1;1;1;1;1;1;1;1;1;1;1;1;1;1;1;1;1;1;1;1;1;1;1;1;1;1;1;1;1;;
39890000;2;01/07/1998;;1;1;47,6344;3,122;9,9632;28;19;1;1;1;;0;10,0907;9,1409;7,3897;6,3311;5,8341;5,5937;5,1289;5,1289;4,9045;4,9045;4,6854;4,6854;4,9045;5,1289;4,4716;4,0599;3,2992;3,2992;3,122;3,4815;4,0599;7,9515;5,8341;6,3311;8,2406;35,3124;41,9173;47,6344;24,4;12,1401;9,452;1;1;1;1;1;1;1;1;1;1;1;1;1;1;1;1;1;1;1;1;1;1;1;1;1;1;1;1;1;1;1;
39890000;2;01/08/1998;;1;1;20,913;4,0599;10,7114;21;4;1;1;1;;0;7,9515;6,0799;5,1289;4,0599;4,6854;5,1289;5,3587;6,0799;11,7846;8,2406;6,3311;5,1289;6,3311;20,438;18,1496;17,2745;16,4222;14,7859;13,2402;20,438;20,913;19,5054;16,4222;14,7859;12,8679;9,452;9,1409;7,6679;6,5876;6,0799;5,5937;1;1;1;1;1;1;1;1;1;1;1;1;1;1;1;1;1;1;1;1;1;1;1;1;1;1;1;1;1;1;1;
39890000;2;01/09/1998;;1;1;6,8495;1,6316;3,4702;3;29;1;1;1;;0;6,3311;6,0799;6,8495;6,0799;5,8341;5,1289;4,0599;4,0599;3,4815;3,2992;2,95;3,4815;3,8618;3,8618;3,4815;3,4815;3,2992;3,122;2,95;2,6214;2,3133;2,3133;1,8892;1,7579;2,3133;2,0255;2,0255;1,8892;1,6316;1,6316;;1;1;1;1;1;1;1;1;1;1;1;1;1;1;1;1;1;1;1;1;1;1;1;1;1;1;1;1;1;1;;
39890000;2;01/10/1998;;1;1;1,7579;0,7157;1,2804;21;13;1;1;1;;0;1,5102;1,5102;1,5102;1,3938;1,3938;1,2824;1,2824;1,0741;1,0741;0,8853;0,7981;0,7981;0,7157;0,9773;1,1758;1,1758;1,5102;1,6316;1,6316;1,6316;1,7579;1,7579;1,6316;1,5102;1,3938;1,3938;1,1758;1,0741;1,0741;1,0741;0,8853;1;1;1;1;1;1;1;1;1;1;1;1;1;1;1;1;1;1;1;1;1;1;1;1;1;1;1;1;1;1;1;
39890000;2;01/11/1998;;1;1;0,8853;0,006;0,1584;1;20;1;1;1;;0;0,8853;0,7981;0,7157;0,5651;0,4331;0,4331;0,2241;0,1463;0,0618;0,0618;0,0618;0,0618;0,0261;0,0261;0,0261;0,0261;0,0261;0,0261;0,0261;0,006;0,006;0,006;0,006;0,006;0,006;0,006;0,0142;0,0142;0,0261;0,0261;;1;1;1;1;1;1;1;1;1;1;1;1;1;1;1;1;1;1;1;1;1;1;1;1;1;1;1;1;1;1;;
39890000;2;01/12/1998;;1;1;0,0142;0;0,0013;1;6;1;1;1;;0;0,0142;0,0142;0,006;0,006;0,0014;0;0;0;0;0;0;0;0;0;0;0;0;0;0;0;0;0;0;0;0;0;0;0;0;0;0;1;1;1;1;1;1;1;1;1;1;1;1;1;1;1;1;1;1;1;1;1;1;1;1;1;1;1;1;1;1;1;
39890000;2;01/01/1999;;1;1;0;0;0;1;1;1;1;1;;0;0;0;0;0;0;0;0;0;0;0;0;0;0;0;0;0;0;0;0;0;0;0;0;0;0;0;0;0;0;0;0;1;1;1;1;1;1;1;1;1;1;1;1;1;1;1;1;1;1;1;1;1;1;1;1;1;1;1;1;1;1;1;
39890000;2;01/02/1999;;1;1;0,1463;0;0,0273;11;1;1;1;1;;0;0;0;0;0;0;0;0;0;0;0,0014;0,1463;0,0857;0;0;0;0,0261;0,0261;0,0261;0,1463;0,1139;0,0618;0,0419;0,0261;0,0142;0,0142;0,006;0,0142;0,0142;;;;1;1;1;1;1;1;1;1;1;1;1;1;1;1;1;1;1;1;1;1;1;1;1;1;1;1;1;1;;;;
39890000;2;01/03/1999;;1;1;10,7516;0;0,666;20;4;1;1;1;;0;0,0142;0,0142;0,0014;0;0;0;0;0;0;0;0;0;0;0;0;0;0;0;5,1289;10,7516;1,8892;1,2824;0,7981;0,4331;0,2241;0,0857;0,0142;0,006;0,0014;0;0;1;1;1;1;1;1;1;1;1;1;1;1;1;1;1;1;1;1;1;1;1;1;1;1;1;1;1;1;1;1;1;
39890000;2;01/04/1999;;1;1;0;0;0;1;1;1;1;1;;0;0;0;0;0;0;0;0;0;0;0;0;0;0;0;0;0;0;0;0;0;0;0;0;0;0;0;0;0;0;0;;1;1;1;1;1;1;1;1;1;1;1;1;1;1;1;1;1;1;1;1;1;1;1;1;1;1;1;1;1;1;;
39890000;2;01/05/1999;;1;1;12,8679;0;1,8012;16;1;1;1;1;;0;0;0,183;0,4968;0,4331;0,374;1,6316;0,9773;0,374;0,7157;1,0741;1,3938;0,9773;0,638;1,0741;1,6316;12,8679;5,3587;4,2631;1,8892;1,6316;1,5102;2,3133;2,3133;2,7831;2,1669;1,7579;1,3938;1,1758;1,0741;0,7981;0,5651;1;1;1;1;1;1;1;1;1;1;1;1;1;1;1;1;1;1;1;1;1;1;1;1;1;1;1;1;1;1;1;
39890000;2;01/06/1999;;1;1;2,7831;0,3195;1,3304;12;30;1;1;1;;0;0,4968;0,4331;0,5651;0,7157;0,9773;1,7579;1,3938;1,3938;1,2824;1,5102;2,6214;2,7831;2,7831;2,3133;1,7579;1,5102;1,6316;1,8892;2,1669;2,3133;1,8892;1,2824;1,0741;0,7981;0,5651;0,5651;0,374;0,374;0,374;0,3195;;1;1;1;1;1;1;1;1;1;1;1;1;1;1;1;1;1;1;1;1;1;1;1;1;1;1;1;1;1;1;;
39890000;2;01/07/1999;;1;1;8,8353;0,183;3,6609;19;4;1;1;1;;0;0,3195;0,3195;0,2696;0,183;0,183;0,3195;5,3587;5,1289;5,1289;3,8618;2,6214;2,6214;3,2992;4,2631;3,8618;4,0599;5,8341;7,1169;8,8353;8,5352;7,6679;6,3311;5,1289;4,4716;4,0599;3,122;2,6214;2,0255;2,0255;1,8892;2,0255;1;1;1;1;1;1;1;1;1;1;1;1;1;1;1;1;1;1;1;1;1;1;1;1;1;1;1;1;1;1;1;
39890000;2;01/08/1999;;1;1;4,9045;1,0741;1,8941;4;18;1;1;1;;0;2,0255;1,8892;2,7831;4,9045;2,4648;2,1669;2,0255;2,0255;1,7579;1,7579;1,3938;1,3938;1,3938;1,2824;1,2824;1,2824;1,1758;1,0741;1,1758;1,3938;1,5102;1,6316;2,0255;2,0255;1,8892;1,7579;1,8892;2,0255;2,0255;2,1669;3,122;1;1;1;1;1;1;1;1;1;1;1;1;1;1;1;1;1;1;1;1;1;1;1;1;1;1;1;1;1;1;1;
39890000;2;01/09/1999;;1;1;4,2631;0,9773;2,4317;2;15;1;1;1;;0;3,8618;4,2631;4,2631;4,0599;3,8618;3,4815;3,122;2,7831;2,3133;1,7579;1,6316;1,5102;1,1758;1,0741;0,9773;1,0741;1,3938;2,0255;2,6214;2,95;2,3133;1,3938;1,0741;1,2824;2,0255;2,7831;3,6691;3,122;2,6214;2,4648;;1;1;1;1;1;1;1;1;1;1;1;1;1;1;1;1;1;1;1;1;1;1;1;1;1;1;1;1;1;1;;
39890000;2;01/10/1999;;1;1;13,2402;0,9773;4,397;10;27;1;1;1;;0;2,0255;2,0255;1,6316;2,1669;2,3133;1,8892;1,5102;11,4347;12,5012;13,2402;12,1401;11,0903;9,452;8,2406;7,3897;6,5876;5,3587;3,6691;2,95;2,7831;2,4648;2,1669;1,6316;1,2824;1,2824;1,1758;0,9773;1,0741;1,1758;1,2824;1,3938;1;1;1;1;1;1;1;1;1;1;1;1;1;1;1;1;1;1;1;1;1;1;1;1;1;1;1;1;1;1;1;
39890000;2;01/11/1999;;1;1;1,8892;0,0261;0,7723;19;29;1;1;1;;0;1,3938;1,2824;1,2824;1,1758;1,0741;0,9773;0,9773;0,7981;0,7157;0,638;0,4331;0,4331;0,3195;0,2241;0,1139;0,0857;0,0419;0,7157;1,8892;1,7579;1,5102;1,5102;1,1758;0,9773;0,7157;0,4331;0,3195;0,1463;0,0261;0,0261;;1;1;1;1;1;1;1;1;1;1;1;1;1;1;1;1;1;1;1;1;1;1;1;1;1;1;1;1;1;1;;
39890000;2;01/12/1999;;1;1;1,3938;0;0,0665;30;2;1;1;1;;0;0,0142;0;0;0;0;0;0;0;0;0;0;0;0;0;0;0;0;0;0;0;0;0;0;0;0;0;0,0014;0;0,0142;1,3938;0,638;1;1;1;1;1;1;1;1;1;1;1;1;1;1;1;1;1;1;1;1;1;1;1;1;1;1;1;1;1;1;1;
39890000;2;01/01/2000;;1;1;5,3587;0,0142;1,3736;23;3;1;1;1;;0;0,2696;0,1463;0,0142;0,0261;0,1139;0,374;0,4968;0,7157;0,7981;1,0741;1,1758;1,5102;1,5102;2,0255;2,7831;3,122;2,7831;2,3133;1,8892;1,7579;1,5102;2,0255;5,3587;3,4815;1,8892;1,0741;0,7157;0,7157;0,4968;0,2696;0,1463;1;1;1;1;1;1;1;1;1;1;1;1;1;1;1;1;1;1;1;1;1;1;1;1;1;1;1;1;1;1;1;
39890000;2;01/02/2000;;1;1;6,3311;0;0,5139;25;18;1;1;1;;0;0,0857;0,0419;0,0142;0,0142;0,0014;0,0618;0,2241;0,4331;0,2696;0,1463;0,0857;0,0261;0,0142;0,0142;0,0142;0,006;0,0014;0;0;0;0;0;0;0;6,3311;2,7831;2,1669;1,2824;0,8853;;;1;1;1;1;1;1;1;1;1;1;1;1;1;1;1;1;1;1;1;1;1;1;1;1;1;1;1;1;1;;;
39890000;2;01/03/2000;;1;1;7,3897;0;0,69;16;14;1;1;1;;0;0,5651;0,4331;0,374;0,374;0,2696;0,1463;0,0142;0,0142;0,006;0,0261;0,0618;0,0261;0,0014;0;0;7,3897;3,4815;1,8892;1,2824;0,8853;0,638;0,4968;0,9773;0,5651;0,4331;0,2696;0,2241;0,2241;0,1463;0,1139;0,0618;1;1;1;1;1;1;1;1;1;1;1;1;1;1;1;1;1;1;1;1;1;1;1;1;1;1;1;1;1;1;1;
39890000;2;01/04/2000;;1;1;14,391;0,0261;3,5585;18;2;1;1;1;;0;0,0419;0,0261;0,1139;0,4331;0,374;0,3195;0,374;0,374;0,2241;0,2241;0,5651;0,8853;1,6316;2,3133;2,95;3,8618;6,5876;14,391;12,5012;11,0903;9,452;8,2406;6,8495;5,5937;4,4716;3,2992;2,6214;2,4648;2,3133;2,1669;;1;1;1;1;1;1;1;1;1;1;1;1;1;1;1;1;1;1;1;1;1;1;1;1;1;1;1;1;1;1;;
39890000;2;01/05/2000;;1;1;8,8353;0,8853;4,8347;17;31;1;1;1;;0;2,0255;3,4815;6,0799;7,1169;7,9515;6,8495;6,0799;5,8341;4,9045;4,9045;5,3587;5,8341;6,3311;6,3311;7,3897;8,5352;8,8353;6,8495;4,9045;5,8341;6,3311;4,2631;3,2992;2,95;2,3133;2,3133;1,8892;1,6316;1,3938;1,1758;0,8853;1;1;1;1;1;1;1;1;1;1;1;1;1;1;1;1;1;1;1;1;1;1;1;1;1;1;1;1;1;1;1;
39890000;2;01/06/2000;;1;1;72,5542;0,638;14,7194;6;4;1;1;1;;0;0,8853;0,8853;0,8853;0,638;0,638;72,5542;22,3726;19,9688;25,4487;21,3937;11,0903;9,452;8,5352;10,0907;9,452;11,4347;10,0907;11,0903;12,1401;10,4183;9,452;8,2406;6,8495;9,1409;11,0903;39,2034;33,4475;25,4487;16,0046;13,2402;;1;1;1;1;1;1;1;1;1;1;1;1;1;1;1;1;1;1;1;1;1;1;1;1;1;1;1;1;1;1;;
39890000;2;01/07/2000;;1;1;92,2685;6,5876;26,4363;27;23;1;1;1;;0;21,3937;25,9818;18,1496;20,913;37,8825;42,6108;20,913;18,5958;15,1864;11,7846;33,4475;32,2339;23,8844;28,7353;34,0631;32,8377;24,9214;23,3747;20,913;19,0477;17,2745;14,391;6,5876;6,5876;6,5876;7,1169;92,2685;55,3273;40,5483;37,231;28,7353;1;1;1;1;1;1;1;1;1;1;1;1;1;1;1;1;1;1;1;1;1;1;1;1;1;1;1;1;1;1;1;
39890000;2;01/08/2000;;1;1;217,5708;5,5937;31,5333;1;31;1;1;1;;0;217,5708;101,961;56,9391;39,2034;29,3036;97,5899;52,177;39,8728;43,3103;29,3036;22,8707;19,5054;16,0046;17,2745;20,438;17,7092;14,7859;12,1401;12,8679;14,391;15,5927;14,391;12,1401;9,7686;9,1409;7,9515;7,9515;7,1169;6,5876;6,0799;5,5937;1;1;1;1;1;1;1;1;1;1;1;1;1;1;1;1;1;1;1;1;1;1;1;1;1;1;1;1;1;1;1;
39890000;2;01/09/2000;;1;1;418,6541;4,2631;39,769;17;5;1;1;1;;0;5,5937;5,3587;4,9045;4,6854;4,2631;9,452;11,7846;28,7353;27,6163;31,044;32,8377;54,5305;49,8783;23,8844;25,9818;60,2364;418,6541;81,1156;43,3103;37,231;31,636;26,5207;25,9818;25,9818;23,3747;14,0018;12,1401;11,4347;14,0018;46,8986;;1;1;1;1;1;1;1;1;1;1;1;1;1;1;1;1;1;1;1;1;1;1;1;1;1;1;1;1;1;1;;
39890000;2;01/10/2000;;1;1;34,0631;2,95;6,9111;1;31;1;1;1;;0;34,0631;16,8455;13,2402;11,0903;9,7686;8,8353;7,9515;6,8495;6,3311;5,8341;5,8341;7,6679;6,8495;6,3311;5,8341;5,5937;4,6854;4,6854;4,2631;4,2631;3,6691;3,6691;3,6691;3,4815;3,4815;3,4815;3,4815;3,2992;3,122;3,122;2,95;1;1;1;1;1;1;1;1;1;1;1;1;1;1;1;1;1;1;1;1;1;1;1;1;1;1;1;1;1;1;1;
39890000;2;01/11/2000;;1;1;8,5352;1,7579;3,2629;11;29;1;1;1;;0;2,95;2,95;2,95;2,6214;2,6214;2,4648;2,3133;2,0255;2,0255;5,3587;8,5352;6,3311;4,0599;3,2992;2,7831;2,4648;2,3133;5,5937;5,8341;4,6854;3,8618;2,95;2,95;2,4648;2,0255;2,0255;2,0255;1,8892;1,7579;1,7579;;1;1;1;1;1;1;1;1;1;1;1;1;1;1;1;1;1;1;1;1;1;1;1;1;1;1;1;1;1;1;;
39890000;2;01/12/2000;;1;1;37,231;0,8853;8,5839;18;9;1;1;1;;0;1,7579;1,6316;1,5102;1,2824;1,2824;1,0741;1,0741;0,9773;0,8853;0,8853;0,9773;1,1758;1,2824;1,5102;7,9515;6,8495;32,2339;37,231;34,0631;28,1728;24,4;20,438;16,4222;11,7846;9,452;7,1169;4,2631;2,95;2,3133;1,7579;1,3938;1;1;1;1;1;1;1;1;1;1;1;1;1;1;1;1;1;1;1;1;1;1;1;1;1;1;1;1;1;1;1;
39890000;2;01/01/2001;;1;1;1,7579;0,374;1,0971;15;31;1;1;1;;0;1,2824;1,0741;1,0741;1,1758;1,2824;1,2824;1,5102;1,5102;1,5102;1,0741;1,0741;1,2824;1,3938;1,3938;1,7579;1,7579;1,6316;1,3938;1,1758;1,1758;1,0741;0,9773;0,7981;0,638;0,638;0,638;0,5651;0,5651;0,4968;0,4331;0,374;1;1;1;1;1;1;1;1;1;1;1;1;1;1;1;1;1;1;1;1;1;1;1;1;1;1;1;1;1;1;1;
39890000;2;01/02/2001;;1;1;0,3195;0,0618;0,1516;1;23;1;1;1;;0;0,3195;0,3195;0,3195;0,3195;0,2696;0,2696;0,2241;0,183;0,1139;0,1139;0,1139;0,1139;0,0857;0,0857;0,0857;0,0857;0,0857;0,0857;0,0857;0,0857;0,1139;0,0857;0,0618;0,0618;0,1139;0,1139;0,1463;0,183;;;;1;1;1;1;1;1;1;1;1;1;1;1;1;1;1;1;1;1;1;1;1;1;1;1;1;1;1;1;;;;
39890000;2;01/03/2001;;1;1;1,0741;0,0419;0,3429;22;8;1;1;1;;0;0,183;0,183;0,1463;0,1139;0,1139;0,1139;0,0857;0,0419;0,0419;0,0419;0,0419;0,0419;0,2241;0,7157;0,5651;0,5651;0,5651;0,374;0,374;0,3195;0,374;1,0741;0,7981;0,7157;0,4968;0,374;0,3195;0,183;0,183;0,374;0,8853;1;1;1;1;1;1;1;1;1;1;1;1;1;1;1;1;1;1;1;1;1;1;1;1;1;1;1;1;1;1;1;
39890000;2;01/04/2001;;1;1;3,6691;0,374;0,9569;28;19;1;1;1;;0;0,8853;0,8853;0,8853;0,8853;0,7981;0,7981;0,7981;0,7981;0,7981;0,7157;0,7157;0,7157;0,638;0,638;0,638;0,638;0,4968;0,4331;0,374;0,374;0,374;0,4968;0,4968;0,5651;0,7157;0,8853;2,0255;3,6691;2,95;2,6214;;1;1;1;1;1;1;1;1;1;1;1;1;1;1;1;1;1;1;1;1;1;1;1;1;1;1;1;1;1;1;;
39890000;2;01/05/2001;;1;1;2,3133;0,5651;1,013;1;19;1;1;1;;0;2,3133;2,0255;1,7579;1,8892;2,0255;2,0255;1,8892;1,6316;1,0741;1,0741;0,8853;0,7981;0,7981;0,638;0,638;0,638;0,7157;0,7157;0,5651;0,5651;0,5651;0,5651;0,5651;0,5651;0,5651;0,5651;0,638;0,7157;0,7157;0,5651;0,7157;1;1;1;1;1;1;1;1;1;1;1;1;1;1;1;1;1;1;1;1;1;1;1;1;1;1;1;1;1;1;1;
39890000;2;01/06/2001;;1;1;92,2685;1,2824;21,4354;14;1;1;1;1;;0;1,2824;1,8892;3,8618;3,2992;3,6691;4,2631;9,452;9,452;10,0907;11,4347;16,4222;21,8803;39,2034;92,2685;29,3036;24,4;22,3726;15,1864;11,4347;9,7686;8,5352;7,9515;10,4183;10,4183;9,452;19,9688;85,0832;90,1841;39,2034;20,913;;1;1;1;1;1;1;1;1;1;1;1;1;1;1;1;1;1;1;1;1;1;1;1;1;1;1;1;1;1;1;;
39890000;2;01/07/2001;;1;1;64,4965;15,5927;33,5361;16;30;1;1;1;;0;46,1689;42,6108;46,8986;41,9173;37,8825;34,0631;26,5207;26,5207;25,4487;25,4487;24,9214;22,8707;20,913;19,5054;20,438;64,4965;53,7399;42,6108;39,2034;56,9391;52,9554;47,6344;39,2034;27,0656;24,4;21,8803;26,5207;23,8844;19,9688;15,5927;21,3937;1;1;1;1;1;1;1;1;1;1;1;1;1;1;1;1;1;1;1;1;1;1;1;1;1;1;1;1;1;1;1;
39890000;2;01/08/2001;;1;1;80,1393;10,4183;23,1201;15;31;1;1;1;;0;21,3937;19,9688;24,4;19,5054;15,1864;12,1401;14,391;19,5054;21,8803;24,4;24,4;21,8803;21,8803;21,8803;80,1393;50,6385;47,6344;45,4451;35,3124;21,8803;19,5054;17,2745;16,4222;15,1864;14,0018;13,2402;12,5012;11,7846;11,4347;11,0903;10,4183;1;1;1;1;1;1;1;1;1;1;1;1;1;1;1;1;1;1;1;1;1;1;1;1;1;1;1;1;1;1;1;
39890000;2;01/09/2001;;1;1;9,7686;2,7831;4,4636;1;30;1;1;1;;0;9,7686;9,7686;8,8353;7,6679;6,8495;6,3311;5,1289;4,4716;4,2631;4,0599;4,0599;4,0599;3,6691;3,6691;3,4815;3,2992;3,2992;3,2992;3,122;2,95;2,95;2,95;2,95;2,95;3,2992;4,0599;3,6691;3,122;3,122;2,7831;;1;1;1;1;1;1;1;1;1;1;1;1;1;1;1;1;1;1;1;1;1;1;1;1;1;1;1;1;1;1;;
39890000;2;01/10/2001;;1;1;24,9214;0,4968;7,7816;15;11;1;1;1;;0;2,6214;2,6214;2,1669;1,6316;1,6316;1,3938;1,0741;1,0741;0,7981;0,7157;0,4968;16,8455;18,5958;21,3937;24,9214;22,3726;17,7092;13,2402;11,0903;9,452;8,2406;7,1169;6,0799;6,0799;5,5937;6,0799;7,3897;6,8495;6,3311;5,3587;4,2631;1;1;1;1;1;1;1;1;1;1;1;1;1;1;1;1;1;1;1;1;1;1;1;1;1;1;1;1;1;1;1;
39890000;2;01/11/2001;;1;1;3,8618;0,8853;1,6906;1;26;1;1;1;;0;3,8618;3,8618;3,4815;2,95;2,95;2,6214;2,1669;1,7579;1,7579;1,3938;1,3938;1,3938;1,3938;1,2824;1,2824;1,1758;1,1758;1,1758;1,0741;1,0741;0,9773;0,9773;0,9773;0,9773;0,9773;0,8853;1,3938;1,7579;1,3938;1,1758;;1;1;1;1;1;1;1;1;1;1;1;1;1;1;1;1;1;1;1;1;1;1;1;1;1;1;1;1;1;1;;
39890000;2;01/12/2001;;1;1;2,3133;0,5651;1,4251;14;7;1;1;1;;0;1,1758;0,9773;0,7981;0,7981;0,7157;0,638;0,5651;0,5651;0,8853;0,9773;1,3938;1,6316;1,8892;2,3133;2,3133;2,0255;2,0255;2,0255;1,7579;1,3938;1,3938;1,2824;1,3938;1,3938;1,3938;1,5102;1,5102;1,6316;1,8892;1,8892;2,0255;1;1;1;1;1;1;1;1;1;1;1;1;1;1;1;1;1;1;1;1;1;1;1;1;1;1;1;1;1;1;1;
39890000;2;01/01/2002;;1;1;36,5855;2,1669;12,2298;23;1;1;1;1;;0;2,1669;2,6214;2,6214;4,6854;6,8495;14,7859;14,391;12,5012;12,5012;9,1409;7,6679;8,8353;28,1728;15,1864;12,1401;9,1409;7,9515;6,0799;7,3897;9,1409;11,0903;28,1728;36,5855;25,4487;18,5958;16,4222;14,7859;12,8679;10,4183;6,0799;4,6854;1;1;1;1;1;1;1;1;1;1;1;1;1;1;1;1;1;1;1;1;1;1;1;1;1;1;1;1;1;1;1;
39890000;2;01/02/2002;;1;1;62,774;3,2992;12,3877;15;3;1;1;1;;0;4,2631;3,8618;3,2992;3,2992;3,6691;12,1401;7,1169;5,1289;4,4716;3,8618;5,8341;24,9214;47,6344;42,6108;62,774;25,9818;18,1496;9,452;7,6679;6,3311;6,0799;5,5937;5,8341;6,0799;6,0799;5,1289;4,9045;4,6854;;;;1;1;1;1;1;1;1;1;1;1;1;1;1;1;1;1;1;1;1;1;1;1;1;1;1;1;1;1;;;;
39890000;2;01/03/2002;;1;1;8,5352;2,95;3,9624;18;25;1;1;1;;0;4,4716;4,0599;3,8618;4,4716;4,4716;4,2631;3,8618;3,4815;3,4815;3,8618;3,6691;3,2992;3,4815;3,6691;3,8618;3,6691;4,9045;8,5352;7,3897;5,1289;3,8618;3,122;3,122;3,122;2,95;2,95;3,122;2,95;2,95;3,122;3,6691;1;1;1;1;1;1;1;1;1;1;1;1;1;1;1;1;1;1;1;1;1;1;1;1;1;1;1;1;1;1;1;
39890000;2;01/04/2002;;1;1;27,6163;2,4648;5,7675;2;18;1;1;1;;0;10,0907;27,6163;11,4347;11,7846;9,1409;8,5352;7,3897;6,5876;6,5876;5,5937;4,9045;4,6854;3,6691;3,4815;3,122;3,122;2,7831;2,4648;2,7831;2,95;3,4815;3,4815;3,6691;3,6691;3,6691;3,2992;3,2992;3,2992;2,95;3,4815;;1;1;1;1;1;1;1;1;1;1;1;1;1;1;1;1;1;1;1;1;1;1;1;1;1;1;1;1;1;1;;
39890000;2;01/05/2002;;1;1;35,3124;5,8341;13,9783;16;15;1;1;1;;0;8,2406;11,0903;10,0907;8,8353;8,2406;9,1409;25,9818;21,3937;11,4347;23,8844;15,5927;14,391;11,7846;10,4183;5,8341;35,3124;25,9818;14,7859;12,5012;7,9515;7,9515;7,9515;8,5352;8,2406;9,1409;11,0903;12,8679;15,5927;17,7092;21,3937;19,9688;1;1;1;1;1;1;1;1;1;1;1;1;1;1;1;1;1;1;1;1;1;1;1;1;1;1;1;1;1;1;1;
39890000;2;01/06/2002;;1;1;158,1889;10,4183;54,9921;21;5;1;1;1;;0;18,5958;17,7092;13,2402;11,7846;10,4183;10,7516;18,5958;48,3763;56,9391;53,7399;29,8778;25,9818;23,8844;21,8803;24,4;46,1689;69,8125;27,6163;37,231;144,5657;158,1889;145,8988;108,708;74,413;61,922;66,2437;64,4965;67,1266;88,1249;103,0696;;1;1;1;1;1;1;1;1;1;1;1;1;1;1;1;1;1;1;1;1;1;1;1;1;1;1;1;1;1;1;;
39890000;2;01/07/2002;;1;1;85,0832;6,8495;27,5811;1;18;1;1;1;;0;85,0832;68,0157;52,177;49,1243;43,3103;37,8825;34,6848;31,044;28,7353;27,6163;25,9818;22,8707;19,0477;15,1864;11,7846;9,7686;7,9515;6,8495;6,8495;7,3897;8,5352;9,1409;11,0903;12,1401;14,391;51,4047;48,3763;42,6108;25,4487;22,3726;18,1496;1;1;1;1;1;1;1;1;1;1;1;1;1;1;1;1;1;1;1;1;1;1;1;1;1;1;1;1;1;1;1;
39890000;2;01/08/2002;;1;1;44,7275;10,7516;20,3362;23;8;1;1;1;;0;15,1864;35,946;31,044;21,8803;13,6182;12,5012;11,0903;10,7516;10,7516;11,0903;11,0903;11,4347;11,7846;16,4222;19,9688;23,8844;21,8803;14,7859;14,391;16,0046;41,2298;33,4475;44,7275;29,8778;25,9818;24,4;22,3726;20,913;19,5054;17,2745;15,1864;1;1;1;1;1;1;1;1;1;1;1;1;1;1;1;1;1;1;1;1;1;1;1;1;1;1;1;1;1;1;1;
39890000;2;01/09/2002;;1;1;13,6182;4,6854;8,4817;1;30;1;1;1;;0;13,6182;12,1401;11,4347;11,0903;11,0903;10,7516;10,4183;10,4183;11,0903;11,0903;11,0903;10,4183;10,4183;10,0907;9,452;7,9515;7,1169;6,8495;6,8495;6,8495;6,5876;6,3311;5,8341;5,3587;5,3587;5,1289;5,1289;4,9045;4,9045;4,6854;;1;1;1;1;1;1;1;1;1;1;1;1;1;1;1;1;1;1;1;1;1;1;1;1;1;1;1;1;1;1;;
39890000;2;01/10/2002;;1;1;5,3587;2,95;4,2872;8;31;1;1;1;;0;4,4716;4,4716;4,4716;4,4716;4,2631;4,2631;4,2631;5,3587;5,1289;5,1289;5,1289;4,9045;4,6854;4,4716;4,6854;4,6854;4,4716;4,4716;4,4716;4,4716;4,4716;4,2631;4,0599;4,0599;3,6691;3,6691;3,2992;3,2992;3,2992;3,122;2,95;1;1;1;1;1;1;1;1;1;1;1;1;1;1;1;1;1;1;1;1;1;1;1;1;1;1;1;1;1;1;1;
39890000;2;01/11/2002;;1;1;2,95;2,1669;2,4847;1;23;1;1;1;;0;2,95;2,7831;2,6214;2,6214;2,4648;2,3133;2,3133;2,3133;2,3133;2,3133;2,4648;2,6214;2,4648;2,4648;2,4648;2,4648;2,3133;2,3133;2,3133;2,4648;2,4648;2,3133;2,1669;2,1669;2,4648;2,4648;2,6214;2,6214;2,95;2,95;;1;1;1;1;1;1;1;1;1;1;1;1;1;1;1;1;1;1;1;1;1;1;1;1;1;1;1;1;1;1;;
39890000;2;01/12/2002;;1;1;3,122;1,5102;2,0607;31;17;1;1;1;;0;2,95;2,95;2,7831;2,6214;2,3133;2,3133;2,1669;2,0255;2,0255;2,0255;1,8892;1,7579;1,7579;1,7579;1,6316;1,6316;1,5102;1,5102;1,5102;1,5102;1,5102;1,5102;1,5102;1,5102;1,6316;1,7579;2,1669;2,6214;2,95;2,95;3,122;1;1;1;1;1;1;1;1;1;1;1;1;1;1;1;1;1;1;1;1;1;1;1;1;1;1;1;1;1;1;1;
39890000;2;01/01/2003;;1;1;3,2992;0,5651;1,6005;2;20;1;1;1;;0;3,122;3,2992;3,122;2,95;2,6214;2,3133;2,3133;2,1669;2,0255;2,0255;2,0255;1,8892;1,8892;1,7579;1,2824;1,1758;1,1758;0,8853;0,7981;0,5651;0,5651;0,5651;0,8853;0,8853;0,8853;0,8853;0,8853;0,8853;0,9773;1,2824;1,5102;1;1;1;1;1;1;1;1;1;1;1;1;1;1;1;1;1;1;1;1;1;1;1;1;1;1;1;1;1;1;1;
39890000;2;01/02/2003;;1;1;3,2992;0,7981;2,0127;4;17;1;1;1;;0;2,95;2,95;3,122;3,2992;2,7831;2,7831;2,4648;2,4648;2,3133;2,3133;2,1669;1,8892;1,6316;1,2824;1,0741;1,0741;0,7981;0,7981;0,9773;1,3938;1,7579;1,7579;1,8892;1,8892;2,0255;2,3133;2,1669;2,0255;;;;1;1;1;1;1;1;1;1;1;1;1;1;1;1;1;1;1;1;1;1;1;1;1;1;1;1;1;1;;;;
39890000;2;01/03/2003;;1;1;11,7846;1,0741;3,8351;18;12;1;1;1;;0;2,6214;2,4648;2,1669;2,0255;2,0255;1,7579;1,5102;1,3938;1,3938;1,2824;1,1758;1,0741;1,0741;1,1758;1,3938;2,0255;11,0903;11,7846;11,7846;8,5352;8,5352;8,2406;8,2406;5,5937;4,0599;3,2992;2,6214;2,3133;2,0255;1,8892;2,3133;1;1;1;1;1;1;1;1;1;1;1;1;1;1;1;1;1;1;1;1;1;1;1;1;1;1;1;1;1;1;1;
39890000;2;01/04/2003;;1;1;5,8341;0,7157;2,2303;28;14;1;1;1;;0;2,6214;2,4648;2,3133;2,3133;1,7579;1,5102;1,2824;1,2824;1,0741;1,0741;1,0741;0,8853;0,8853;0,7157;0,7981;0,8853;1,0741;1,1758;1,3938;2,0255;2,3133;2,95;2,95;2,7831;2,6214;3,122;4,0599;5,8341;5,8341;5,8341;;1;1;1;1;1;1;1;1;1;1;1;1;1;1;1;1;1;1;1;1;1;1;1;1;1;1;1;1;1;1;;
39890000;2;01/05/2003;;1;1;5,5937;2,1669;3,1837;1;13;1;1;1;;0;5,5937;5,5937;4,9045;4,9045;4,2631;4,0599;3,4815;2,95;2,7831;2,4648;2,4648;2,3133;2,1669;2,1669;2,1669;2,1669;2,3133;2,4648;2,95;3,4815;3,4815;4,0599;4,0599;3,6691;3,122;2,6214;2,4648;2,3133;2,3133;2,3133;2,6214;1;1;1;1;1;1;1;1;1;1;1;1;1;1;1;1;1;1;1;1;1;1;1;1;1;1;1;1;1;1;1;
39890000;2;01/06/2003;;1;1;32,2339;2,7831;8,6162;16;1;1;1;1;;0;2,7831;2,95;3,4815;6,0799;9,7686;9,1409;9,1409;8,8353;7,3897;7,9515;8,5352;8,5352;8,2406;7,9515;16,8455;32,2339;14,7859;12,1401;9,452;6,8495;6,8495;6,8495;6,8495;6,8495;6,5876;6,5876;6,3311;6,3311;6,0799;6,0799;;1;1;1;1;1;1;1;1;1;1;1;1;1;1;1;1;1;1;1;1;1;1;1;1;1;1;1;1;1;1;;
39890000;2;01/07/2003;;1;1;11,0903;4,0599;7,7151;19;2;1;1;1;;0;5,8341;4,0599;4,2631;4,4716;5,1289;5,8341;6,5876;6,5876;7,3897;8,5352;8,8353;8,8353;8,8353;9,1409;9,452;9,1409;9,1409;10,4183;11,0903;10,7516;9,7686;8,5352;8,5352;8,8353;7,9515;7,9515;7,6679;6,8495;6,3311;6,3311;6,0799;1;1;1;1;1;1;1;1;1;1;1;1;1;1;1;1;1;1;1;1;1;1;1;1;1;1;1;1;1;1;1;
39890000;2;01/08/2003;;1;1;9,1409;2,3133;5,0619;18;27;1;1;1;;0;5,8341;5,3587;5,1289;4,4716;4,0599;4,0599;4,4716;4,4716;4,4716;4,4716;5,1289;5,1289;5,1289;4,6854;4,9045;5,5937;7,6679;9,1409;7,3897;7,3897;7,3897;6,5876;6,0799;5,3587;4,0599;3,122;2,3133;2,95;3,6691;3,4815;2,95;1;1;1;1;1;1;1;1;1;1;1;1;1;1;1;1;1;1;1;1;1;1;1;1;1;1;1;1;1;1;1;
39890000;2;01/09/2003;;1;1;40,5483;1,8892;6,5387;5;30;1;1;1;;0;3,122;3,6691;4,4716;5,5937;40,5483;19,5054;12,1401;8,2406;11,4347;7,6679;6,5876;5,3587;5,5937;5,5937;5,8341;5,3587;4,4716;3,6691;3,2992;3,6691;3,6691;3,8618;3,8618;3,6691;3,2992;3,122;2,6214;2,3133;2,0255;1,8892;;1;1;1;1;1;1;1;1;1;1;1;1;1;1;1;1;1;1;1;1;1;1;1;1;1;1;1;1;1;1;;
39890000;2;01/10/2003;;1;1;2,95;0,8853;1,5622;21;16;1;1;1;;0;1,7579;1,7579;1,7579;1,6316;1,5102;1,5102;1,3938;1,2824;1,1758;1,1758;1,0741;1,0741;0,9773;0,9773;0,9773;0,8853;0,8853;1,1758;1,8892;2,3133;2,95;2,4648;2,4648;2,4648;2,1669;1,8892;1,8892;1,5102;1,3938;1,0741;0,9773;1;1;1;1;1;1;1;1;1;1;1;1;1;1;1;1;1;1;1;1;1;1;1;1;1;1;1;1;1;1;1;
39890000;2;01/11/2003;;1;1;4,9045;0,0857;1,3644;6;28;1;1;1;;0;0,9773;0,9773;0,8853;0,8853;1,3938;4,9045;4,9045;4,4716;3,6691;3,2992;2,1669;1,5102;1,5102;1,3938;1,2824;1,1758;0,8853;0,8853;0,7157;0,638;0,638;0,5651;0,3195;0,183;0,1463;0,1463;0,1463;0,0857;0,0857;0,0857;;1;1;1;1;1;1;1;1;1;1;1;1;1;1;1;1;1;1;1;1;1;1;1;1;1;1;1;1;1;1;;
39890000;2;01/12/2003;;1;1;0,0857;0;0,0145;1;8;1;1;1;;0;0,0857;0,0857;0,0618;0,0261;0,0261;0,006;0,006;0;0;0;0;0,0142;0,0261;0,0261;0,0261;0,0419;0,006;0,006;0;0;0;0;0;0;0;0;0;0;0,0014;0,0014;0,0014;1;1;1;1;1;1;1;1;1;1;1;1;1;1;1;1;1;1;1;1;1;1;1;1;1;1;1;1;1;1;1;
39890000;2;01/01/2004;;1;1;151,2961;0,0014;26,673;22;1;1;1;1;;0;0,0014;0,0014;0,0014;0,0014;0,0014;0,0014;0,006;0,0142;0,0142;0,0142;0,0142;0,1463;9,452;5,1289;68,0157;32,8377;29,3036;25,9818;22,3726;18,1496;81,1156;151,2961;54,5305;40,5483;25,4487;29,8778;18,1496;30,458;116,8694;37,231;29,8778;1;1;1;1;1;1;1;1;1;1;1;1;1;1;1;1;1;1;1;1;1;1;1;1;1;1;1;1;1;1;1;
39890000;2;01/02/2004;;1;1;154,0337;2,1669;30,7352;4;29;1;1;1;;0;76,2968;88,1249;64,4965;154,0337;104,1846;108,708;85,0832;47,6344;30,458;19,0477;14,7859;12,5012;10,7516;9,1409;8,2406;7,9515;7,6679;5,8341;4,9045;4,4716;4,4716;3,8618;3,4815;3,2992;2,7831;2,3133;2,3133;2,3133;2,1669;;;1;1;1;1;1;1;1;1;1;1;1;1;1;1;1;1;1;1;1;1;1;1;1;1;1;1;1;1;1;;;
39890000;2;01/03/2004;;1;1;23,8844;0,183;2,4553;13;31;1;1;1;;0;2,1669;2,1669;1,8892;1,7579;1,7579;1,8892;1,8892;2,0255;1,8892;1,7579;1,7579;3,4815;23,8844;10,7516;5,3587;3,4815;2,0255;1,0741;0,638;0,5651;0,5651;0,5651;0,4331;0,374;0,374;0,374;0,3195;0,2696;0,2241;0,2241;0,183;1;1;1;1;1;1;1;1;1;1;1;1;1;1;1;1;1;1;1;1;1;1;1;1;1;1;1;1;1;1;1;
39890000;2;01/04/2004;;1;1;2,95;0,0857;0,8878;19;9;1;1;1;;0;0,183;0,1463;0,1463;0,1463;0,1139;0,1139;0,1139;0,1139;0,0857;0,0857;0,0857;0,0857;0,0857;1,5102;1,5102;1,6316;2,0255;2,3133;2,95;2,0255;1,5102;1,2824;1,2824;1,2824;1,2824;1,2824;1,0741;0,8853;0,7157;0,5651;;1;1;1;1;1;1;1;1;1;1;1;1;1;1;1;1;1;1;1;1;1;1;1;1;1;1;1;1;1;1;;
39890000;2;01/05/2004;;1;1;5,3587;0,2241;1,3281;21;12;1;1;1;;0;0,374;0,374;0,374;0,374;0,3195;0,3195;0,3195;0,2696;0,2696;0,2696;0,2696;0,2241;0,2241;0,2241;0,2241;0,2696;0,2696;0,3195;0,4331;3,2992;5,3587;4,2631;3,4815;2,95;2,7831;2,6214;2,1669;2,1669;2,1669;2,0255;2,1669;1;1;1;1;1;1;1;1;1;1;1;1;1;1;1;1;1;1;1;1;1;1;1;1;1;1;1;1;1;1;1;
39890000;2;01/06/2004;;1;1;91,2231;7,6679;40,3244;1;7;1;1;1;;0;91,2231;41,2298;22,3726;11,0903;10,0907;8,5352;7,6679;8,8353;10,0907;11,4347;14,0018;62,774;37,8825;32,8377;51,4047;54,5305;74,413;75,3518;72,5542;68,0157;55,3273;59,4029;56,9391;52,177;47,6344;43,3103;39,8728;33,4475;29,3036;25,9818;;1;1;1;1;1;1;1;1;1;1;1;1;1;1;1;1;1;1;1;1;1;1;1;1;1;1;1;1;1;1;;
39890000;2;01/08/2004;;1;1;107,5676;9,452;36,343;22;31;1;1;1;;0;73,4805;54,5305;44,0159;38,5399;25,9818;23,8844;27,6163;31,044;33,4475;29,8778;99,7628;58,5755;52,9554;46,1689;31,636;26,5207;29,3036;33,4475;28,1728;25,9818;18,5958;107,5676;40,5483;27,0656;24,9214;23,8844;18,5958;16,0046;13,6182;11,4347;9,452;1;1;1;1;1;1;1;1;1;1;1;1;1;1;1;1;1;1;1;1;1;1;1;1;1;1;1;1;1;1;1;
39890000;2;01/09/2004;;1;1;44,0159;4,4716;14,9291;22;20;1;1;1;;0;7,6679;7,9515;7,9515;7,6679;7,3897;7,3897;8,2406;8,2406;8,5352;8,5352;8,2406;7,9515;7,3897;7,1169;6,3311;6,3311;5,5937;5,5937;5,1289;4,4716;29,8778;44,0159;41,2298;37,8825;33,4475;31,044;27,6163;23,8844;19,9688;15,1864;;1;1;1;1;1;1;1;1;1;1;1;1;1;1;1;1;1;1;1;1;1;1;1;1;1;1;1;1;1;1;;
39890000;2;01/10/2004;;1;1;13,2402;2,6214;4,8104;1;29;1;1;1;;0;13,2402;11,7846;10,4183;9,1409;7,9515;5,8341;4,9045;4,9045;4,9045;4,4716;4,4716;4,2631;4,2631;4,0599;3,8618;3,6691;3,6691;3,6691;3,4815;3,4815;3,2992;3,2992;3,122;3,122;3,122;2,95;2,95;2,95;2,6214;2,6214;2,6214;1;1;1;1;1;1;1;1;1;1;1;1;1;1;1;1;1;1;1;1;1;1;1;1;1;1;1;1;1;1;1;
39890000;2;01/11/2004;;1;1;2,6214;1,1758;1,8025;8;25;1;1;1;;0;2,4648;2,3133;2,3133;2,3133;2,1669;2,1669;2,4648;2,6214;2,6214;2,4648;2,1669;2,0255;2,0255;1,7579;1,7579;1,7579;1,6316;1,5102;1,5102;1,5102;1,3938;1,2824;1,2824;1,2824;1,1758;1,1758;1,1758;1,1758;1,2824;1,2824;;1;1;1;1;1;1;1;1;1;1;1;1;1;1;1;1;1;1;1;1;1;1;1;1;1;1;1;1;1;1;;
39890000;2;01/12/2004;;1;1;1,1758;0,4968;0,7904;1;28;1;1;1;;0;1,1758;1,1758;1,0741;1,0741;1,0741;1,0741;0,9773;0,9773;0,9773;0,8853;0,8853;0,8853;0,7981;0,7981;0,7981;0,7981;0,7157;0,7157;0,638;0,638;0,638;0,638;0,638;0,5651;0,5651;0,5651;0,5651;0,4968;0,5651;0,5651;0,5651;1;1;1;1;1;1;1;1;1;1;1;1;1;1;1;1;1;1;1;1;1;1;1;1;1;1;1;1;1;1;1;
39890000;2;01/01/2005;;1;1;0,4968;0,3195;0,397;1;24;1;1;1;;0;0,4968;0,4968;0,4968;0,4968;0,4968;0,4968;0,4331;0,4331;0,4331;0,4331;0,4331;0,4331;0,4331;0,374;0,374;0,374;0,374;0,374;0,374;0,374;0,374;0,374;0,374;0,3195;0,3195;0,3195;0,3195;0,3195;0,3195;0,3195;0,3195;1;1;1;1;1;1;1;1;1;1;1;1;1;1;1;1;1;1;1;1;1;1;1;1;1;1;1;1;1;1;1;
39890000;2;01/02/2005;;1;1;1,3938;0,0857;0,4662;10;27;1;1;1;;0;0,2696;0,2241;0,1463;0,1463;0,1463;0,1463;0,183;0,183;0,183;1,3938;1,1758;1,1758;0,9773;0,4968;0,3195;0,183;0,183;0,9773;0,9773;0,9773;0,7981;0,638;0,4331;0,3195;0,1139;0,1139;0,0857;0,0857;;;;1;1;1;1;1;1;1;1;1;1;1;1;1;1;1;1;1;1;1;1;1;1;1;1;1;1;1;1;;;;
39890000;2;01/03/2005;;1;1;31,044;0;2,6015;29;7;1;1;1;;0;0,0618;0,0142;0,0142;0,0014;0,0014;0,0014;0;0;0;0;0;0;0;0;0;0;0,0014;0,0142;0,006;0,0014;0;0;0;0;0;0;0;25,4487;31,044;10,4183;13,6182;1;1;1;1;1;1;1;1;1;1;1;1;1;1;1;1;1;1;1;1;1;1;1;1;1;1;1;1;1;1;1;
39890000;2;01/04/2005;;1;1;11,0903;0,8853;2,6128;1;28;1;1;1;;0;11,0903;7,1169;5,3587;4,0599;2,7831;2,0255;2,0255;1,8892;1,5102;1,3938;1,2824;1,6316;2,0255;1,7579;4,0599;3,122;2,0255;1,5102;1,5102;1,8892;3,4815;2,6214;2,3133;2,0255;1,6316;1,2824;0,9773;0,8853;1,0741;2,0255;;1;1;1;1;1;1;1;1;1;1;1;1;1;1;1;1;1;1;1;1;1;1;1;1;1;1;1;1;1;1;;
39890000;2;01/05/2005;;1;1;53,7399;1,0741;10,3695;14;3;1;1;1;;0;1,6316;1,2824;1,0741;4,0599;4,0599;4,6854;6,3311;6,5876;7,6679;12,1401;23,8844;17,7092;13,6182;53,7399;29,8778;18,5958;14,7859;11,7846;8,2406;6,5876;6,5876;6,5876;6,3311;5,1289;4,0599;3,4815;3,122;3,122;3,2992;13,2402;18,1496;1;1;1;1;1;1;1;1;1;1;1;1;1;1;1;1;1;1;1;1;1;1;1;1;1;1;1;1;1;1;1;
39890000;2;01/06/2005;;1;1;84,0819;12,1401;33,5838;14;8;1;1;1;;0;22,3726;34,6848;71,6341;29,3036;24,4;20,438;13,6182;12,1401;19,0477;17,2745;15,5927;20,913;37,8825;84,0819;81,1156;40,5483;41,9173;69,8125;84,0819;44,7275;31,636;21,3937;20,438;19,5054;19,0477;22,8707;21,8803;21,8803;21,8803;21,3937;;1;1;1;1;1;1;1;1;1;1;1;1;1;1;1;1;1;1;1;1;1;1;1;1;1;1;1;1;1;1;;
39890000;2;01/07/2005;;1;1;51,4047;9,7686;19,7418;3;29;1;1;1;;0;22,8707;25,4487;51,4047;40,5483;29,3036;23,3747;25,4487;25,4487;25,4487;25,4487;25,9818;22,8707;16,8455;16,4222;14,7859;14,7859;14,0018;12,1401;12,1401;13,6182;15,5927;18,1496;17,2745;15,5927;16,4222;14,391;12,5012;11,0903;9,7686;11,0903;11,7846;1;1;1;1;1;1;1;1;1;1;1;1;1;1;1;1;1;1;1;1;1;1;1;1;1;1;1;1;1;1;1;
39890000;2;01/08/2005;;1;1;97,5899;11,7846;33,9614;21;13;1;1;1;;0;12,8679;19,0477;28,1728;39,8728;45,4451;34,0631;28,1728;21,3937;17,7092;15,5927;14,391;12,1401;11,7846;14,0018;27,6163;25,4487;19,0477;22,8707;49,1243;37,8825;97,5899;61,922;44,0159;96,513;67,1266;48,3763;40,5483;32,8377;23,8844;23,3747;19,9688;1;1;1;1;1;1;1;1;1;1;1;1;1;1;1;1;1;1;1;1;1;1;1;1;1;1;1;1;1;1;1;
39890000;2;01/09/2005;;1;1;17,2745;5,3587;10,6757;1;29;1;1;1;;0;17,2745;16,4222;15,5927;15,5927;14,7859;13,2402;12,1401;11,0903;10,0907;10,0907;10,4183;11,4347;12,5012;13,2402;11,4347;11,4347;11,0903;10,7516;10,4183;9,7686;9,1409;9,1409;8,5352;8,5352;7,3897;6,3311;5,8341;5,8341;5,3587;5,3587;;1;1;1;1;1;1;1;1;1;1;1;1;1;1;1;1;1;1;1;1;1;1;1;1;1;1;1;1;1;1;;
39890000;2;01/10/2005;;1;1;5,1289;2,4648;3,5815;1;30;1;1;1;;0;5,1289;5,1289;4,9045;4,9045;4,6854;4,2631;4,2631;4,0599;4,0599;4,0599;4,0599;4,0599;3,8618;3,6691;3,4815;3,2992;3,122;3,122;2,95;2,95;3,122;3,122;2,95;2,95;2,95;2,7831;2,7831;2,7831;2,6214;2,4648;2,4648;1;1;1;1;1;1;1;1;1;1;1;1;1;1;1;1;1;1;1;1;1;1;1;1;1;1;1;1;1;1;1;
39890000;2;01/11/2005;;1;1;2,3133;1,2824;1,6819;1;22;1;1;1;;0;2,3133;2,3133;2,1669;2,1669;2,0255;2,0255;2,0255;2,0255;1,8892;1,8892;1,7579;1,7579;1,7579;1,6316;1,6316;1,5102;1,3938;1,3938;1,3938;1,3938;1,3938;1,2824;1,2824;1,2824;1,2824;1,2824;1,3938;1,3938;1,5102;1,8892;;1;1;1;1;1;1;1;1;1;1;1;1;1;1;1;1;1;1;1;1;1;1;1;1;1;1;1;1;1;1;;
39890000;2;01/12/2005;;1;1;25,4487;1,5102;3,2718;7;30;1;1;1;;0;2,0255;2,0255;2,0255;1,8892;2,1669;3,122;25,4487;7,3897;6,3311;5,3587;4,2631;3,122;2,6214;2,4648;2,3133;2,1669;1,8892;1,8892;2,0255;2,0255;2,0255;1,8892;1,7579;1,7579;1,7579;1,7579;1,6316;1,6316;1,6316;1,5102;1,5102;1;1;1;1;1;1;1;1;1;1;1;1;1;1;1;1;1;1;1;1;1;1;1;1;1;1;1;1;1;1;1;
39890000;2;01/01/2006;;1;1;3,8618;0,8853;1,4948;11;28;1;1;1;;0;1,5102;1,5102;1,5102;1,3938;1,2824;1,2824;1,2824;1,1758;1,1758;2,95;3,8618;2,95;2,1669;1,8892;1,8892;1,7579;1,6316;1,3938;1,2824;1,1758;1,1758;1,1758;1,1758;1,0741;1,0741;1,0741;0,9773;0,8853;0,8853;0,8853;0,8853;1;1;1;1;1;1;1;1;1;1;1;1;1;1;1;1;1;1;1;1;1;1;1;1;1;1;1;1;1;1;1;
39890000;2;01/02/2006;;1;1;0,7981;0,1139;0,3746;1;27;1;1;1;;0;0,7981;0,7981;0,7981;0,7157;0,7157;0,638;0,5651;0,5651;0,4968;0,4968;0,374;0,374;0,3195;0,2696;0,2696;0,2241;0,2241;0,2241;0,2241;0,183;0,183;0,183;0,183;0,1463;0,1463;0,1463;0,1139;0,1139;;;;1;1;1;1;1;1;1;1;1;1;1;1;1;1;1;1;1;1;1;1;1;1;1;1;1;1;1;1;;;;
39890000;2;01/03/2006;;1;1;7,9515;0,0142;1,5601;29;12;1;1;1;;0;0,0857;0,0618;0,0618;0,0618;0,0857;0,1139;0,1139;0,0857;0,0618;0,0419;0,0261;0,0142;0,0142;0,0618;2,0255;1,8892;1,3938;0,8853;0,4968;1,5102;1,3938;1,3938;1,5102;1,6316;1,6316;1,7579;2,3133;4,9045;7,9515;7,6679;7,1169;1;1;1;1;1;1;1;1;1;1;1;1;1;1;1;1;1;1;1;1;1;1;1;1;1;1;1;1;1;1;1;
39890000;2;01/04/2006;;1;1;11,4347;1,5102;3,708;26;10;1;1;1;;0;5,8341;4,9045;4,0599;3,4815;2,7831;2,7831;2,4648;1,8892;1,7579;1,5102;1,5102;1,6316;1,6316;1,7579;1,8892;2,1669;2,4648;2,1669;1,7579;1,5102;1,5102;1,6316;2,1669;3,122;5,1289;11,4347;9,7686;9,1409;8,2406;9,1409;;1;1;1;1;1;1;1;1;1;1;1;1;1;1;1;1;1;1;1;1;1;1;1;1;1;1;1;1;1;1;;
39890000;2;01/05/2006;;1;1;44,0159;3,122;12,3598;16;8;1;1;1;;0;9,1409;9,452;7,9515;6,3311;4,6854;4,2631;3,4815;3,122;4,4716;6,0799;5,1289;4,4716;4,0599;3,6691;3,8618;44,0159;29,8778;20,913;19,9688;15,5927;16,8455;9,452;7,9515;23,3747;14,7859;16,4222;11,4347;9,452;8,5352;35,3124;19,0477;1;1;1;1;1;1;1;1;1;1;1;1;1;1;1;1;1;1;1;1;1;1;1;1;1;1;1;1;1;1;1;
39890000;2;01/06/2006;;1;1;328,687;12,8679;61,4343;13;3;1;1;1;;0;14,0018;13,2402;12,8679;15,5927;17,2745;17,2745;106,4336;155,4123;78,2056;35,3124;35,946;126,5805;328,687;48,3763;44,7275;93,3201;61,922;88,1249;49,8783;41,9173;46,1689;87,1047;83,0869;64,4965;44,0159;35,946;27,6163;25,9818;24,9214;18,5958;;1;1;1;1;1;1;1;1;1;1;1;1;1;1;1;1;1;1;1;1;1;1;1;1;1;1;1;1;1;1;;
39890000;2;01/07/2006;;1;1;115,6843;16,4222;38,5096;17;31;1;1;1;;0;19,5054;21,3937;21,3937;19,5054;21,3937;23,3747;27,0656;31,636;29,3036;28,7353;27,0656;30,458;51,4047;36,5855;39,8728;98,6732;115,6843;71,6341;52,177;36,5855;28,1728;25,9818;24,9214;24,9214;28,7353;95,4424;63,6321;37,231;27,6163;17,2745;16,4222;1;1;1;1;1;1;1;1;1;1;1;1;1;1;1;1;1;1;1;1;1;1;1;1;1;1;1;1;1;1;1;
39890000;2;01/08/2006;;1;1;32,8377;9,7686;18,9537;11;28;1;1;1;;0;27,0656;29,8778;28,1728;25,9818;22,3726;18,5958;16,0046;25,9818;20,913;28,7353;32,8377;27,0656;25,4487;23,8844;21,8803;21,3937;19,0477;16,8455;15,1864;14,391;14,0018;13,2402;12,5012;12,1401;11,4347;10,7516;10,0907;9,7686;9,7686;10,7516;11,4347;1;1;1;1;1;1;1;1;1;1;1;1;1;1;1;1;1;1;1;1;1;1;1;1;1;1;1;1;1;1;1;
39890000;2;01/09/2006;;1;1;37,231;4,6854;11,3496;10;9;1;1;1;;0;12,5012;11,4347;10,0907;9,1409;8,5352;7,1169;6,3311;5,1289;4,6854;37,231;30,458;25,4487;22,3726;17,7092;14,7859;12,5012;11,0903;9,7686;9,1409;7,9515;7,9515;7,3897;7,3897;6,8495;6,3311;6,3311;6,3311;6,3311;6,0799;6,0799;;1;1;1;1;1;1;1;1;1;1;1;1;1;1;1;1;1;1;1;1;1;1;1;1;1;1;1;1;1;1;;
39890000;2;01/10/2006;;1;1;6,0799;2,1669;3,9111;1;30;1;1;1;;0;6,0799;6,0799;5,8341;5,5937;5,5937;5,5937;5,1289;5,1289;4,9045;4,9045;4,4716;4,2631;4,2631;4,2631;3,8618;3,6691;3,6691;3,6691;3,2992;3,2992;3,122;2,7831;2,7831;2,7831;2,4648;2,4648;2,3133;2,3133;2,3133;2,1669;2,1669;1;1;1;1;1;1;1;1;1;1;1;1;1;1;1;1;1;1;1;1;1;1;1;1;1;1;1;1;1;1;1;
39890000;2;01/11/2006;;1;1;8,5352;1,8892;3,3459;17;14;1;1;1;;0;2,1669;2,1669;2,1669;2,1669;2,1669;2,1669;2,1669;2,1669;2,0255;2,0255;2,0255;2,0255;2,0255;1,8892;2,0255;4,4716;8,5352;7,6679;6,5876;5,8341;5,3587;4,4716;4,0599;3,6691;3,6691;3,6691;3,2992;2,6214;2,4648;2,6214;;1;1;1;1;1;1;1;1;1;1;1;1;1;1;1;1;1;1;1;1;1;1;1;1;1;1;1;1;1;1;;
39890000;2;01/12/2006;;1;1;2,6214;1,0741;1,6055;1;18;1;1;1;;0;2,6214;2,6214;2,4648;2,3133;2,3133;2,0255;2,0255;2,0255;1,7579;1,5102;1,5102;1,5102;1,2824;1,1758;1,1758;1,1758;1,1758;1,0741;1,0741;1,1758;1,1758;1,2824;1,2824;1,2824;1,2824;1,2824;1,3938;1,6316;1,6316;1,7579;1,7579;1;1;1;1;1;1;1;1;1;1;1;1;1;1;1;1;1;1;1;1;1;1;1;1;1;1;1;1;1;1;1;
39890000;2;01/01/2007;;1;1;2,95;0,3195;1,2703;3;30;1;1;1;;0;1,7579;2,3133;2,95;2,7831;2,4648;2,3133;2,0255;2,0255;1,7579;1,6316;1,6316;1,5102;1,3938;1,3938;1,1758;1,1758;0,9773;0,8853;0,8853;0,7981;0,7157;0,7157;0,7157;0,5651;0,5651;0,4331;0,4331;0,374;0,374;0,3195;0,3195;1;1;1;1;1;1;1;1;1;1;1;1;1;1;1;1;1;1;1;1;1;1;1;1;1;1;1;1;1;1;1;
39890000;2;01/02/2007;;1;1;62,774;0,1463;5,4279;25;6;1;1;1;;0;0,3195;0,2696;0,2241;0,2241;0,183;0,1463;0,1463;0,1463;0,1463;0,1463;0,1463;0,1463;0,1463;1,0741;1,0741;1,2824;1,8892;2,6214;3,2992;3,8618;5,3587;6,0799;11,7846;12,5012;62,774;14,7859;9,7686;11,4347;;;;1;1;1;1;1;1;1;1;1;1;1;1;1;1;1;1;1;1;1;1;1;1;1;1;1;1;1;1;;;;
39890000;2;01/03/2007;;1;1;33,4475;4,0599;10,7104;4;22;1;1;1;;0;13,2402;12,8679;11,4347;33,4475;16,0046;19,5054;14,391;10,4183;8,2406;12,5012;15,1864;28,1728;19,9688;12,1401;8,5352;7,1169;6,3311;5,5937;5,3587;4,9045;4,4716;4,0599;4,4716;4,4716;4,4716;5,1289;6,5876;7,6679;7,9515;8,2406;9,1409;1;1;1;1;1;1;1;1;1;1;1;1;1;1;1;1;1;1;1;1;1;1;1;1;1;1;1;1;1;1;1;
39890000;2;01/04/2007;;1;1;135,415;2,0255;16,1146;28;14;1;1;1;;0;8,8353;7,9515;7,1169;6,0799;5,3587;5,1289;4,2631;3,4815;3,122;2,95;2,95;2,4648;2,1669;2,0255;2,6214;3,4815;3,4815;4,0599;4,4716;4,6854;5,5937;6,5876;7,3897;8,2406;12,1401;10,0907;8,2406;135,415;134,1336;68,911;;1;1;1;1;1;1;1;1;1;1;1;1;1;1;1;1;1;1;1;1;1;1;1;1;1;1;1;1;1;1;;
39890000;2;01/05/2007;;1;1;38,5399;5,5937;16,0266;1;12;1;1;1;;0;38,5399;32,2339;26,5207;22,8707;19,0477;15,5927;13,6182;11,0903;8,5352;6,8495;6,0799;5,5937;6,0799;16,0046;28,1728;24,9214;22,8707;20,438;18,1496;16,8455;15,1864;14,7859;14,7859;14,391;13,2402;12,5012;11,4347;11,4347;10,4183;9,452;9,1409;1;1;1;1;1;1;1;1;1;1;1;1;1;1;1;1;1;1;1;1;1;1;1;1;1;1;1;1;1;1;1;
39890000;2;01/06/2007;;1;1;151,2961;7,3897;23,3707;27;17;1;1;1;;0;9,1409;9,1409;9,452;10,0907;10,4183;11,0903;11,0903;10,7516;10,4183;9,7686;9,7686;9,7686;9,7686;9,452;9,1409;7,6679;7,3897;8,8353;10,0907;10,4183;11,7846;13,6182;14,7859;16,4222;24,4;89,1513;151,2961;94,3781;53,7399;37,8825;;1;1;1;1;1;1;1;1;1;1;1;1;1;1;1;1;1;1;1;1;1;1;1;1;1;1;1;1;1;1;;
39890000;2;01/07/2007;;1;1;136,7029;4,9045;27,5588;7;12;1;1;1;;0;32,2339;25,9818;23,8844;24,4;24,9214;27,6163;136,7029;106,4336;29,3036;31,044;28,7353;4,9045;4,9045;4,9045;5,3587;6,0799;6,0799;6,0799;6,3311;7,3897;10,0907;15,1864;34,6848;22,3726;23,8844;21,3937;19,9688;19,0477;17,2745;17,2745;109,8548;1;1;1;1;1;1;1;1;1;1;1;1;1;1;1;1;1;1;1;1;1;1;1;1;1;1;1;1;1;1;1;
39890000;2;01/08/2007;;1;1;225,9098;10,4183;45,984;1;14;1;1;1;;0;225,9098;217,5708;104,1846;83,0869;52,177;25,4487;17,2745;18,5958;18,5958;16,8455;17,7092;15,1864;12,5012;10,4183;11,4347;14,0018;39,8728;48,3763;45,4451;37,231;25,9818;22,8707;20,438;17,7092;15,1864;19,9688;24,9214;105,3059;103,0696;20,913;17,2745;1;1;1;1;1;1;1;1;1;1;1;1;1;1;1;1;1;1;1;1;1;1;1;1;1;1;1;1;1;1;1;
39890000;2;01/09/2007;;1;1;29,3036;7,9515;17,4928;5;30;1;1;1;;0;19,9688;18,1496;16,8455;15,1864;29,3036;24,9214;23,8844;22,8707;21,8803;20,913;19,5054;20,438;23,3747;22,3726;20,913;20,438;19,0477;17,2745;16,4222;15,5927;14,391;13,2402;13,2402;13,6182;12,8679;11,4347;10,7516;9,452;8,5352;7,9515;;1;1;1;1;1;1;1;1;1;1;1;1;1;1;1;1;1;1;1;1;1;1;1;1;1;1;1;1;1;1;;
39890000;2;01/10/2007;;1;1;7,3897;4,4716;5,8434;1;31;1;1;1;;0;7,3897;7,1169;7,1169;7,1169;6,8495;6,8495;6,8495;6,8495;6,3311;6,3311;6,3311;6,3311;6,0799;5,8341;5,8341;5,8341;5,5937;5,3587;5,3587;5,3587;5,3587;5,1289;5,1289;5,1289;5,1289;4,9045;4,9045;4,9045;4,6854;4,6854;4,4716;1;1;1;1;1;1;1;1;1;1;1;1;1;1;1;1;1;1;1;1;1;1;1;1;1;1;1;1;1;1;1;
39890000;2;01/11/2007;;1;1;4,4716;3,122;3,7936;1;28;1;1;1;;0;4,4716;4,2631;4,0599;3,8618;3,4815;3,4815;3,6691;3,6691;3,6691;3,6691;3,4815;3,4815;3,6691;3,8618;4,0599;4,0599;4,0599;4,0599;4,2631;4,2631;4,2631;4,2631;4,0599;3,6691;3,6691;3,4815;3,4815;3,122;3,122;3,122;;1;1;1;1;1;1;1;1;1;1;1;1;1;1;1;1;1;1;1;1;1;1;1;1;1;1;1;1;1;1;;
39890000;2;01/12/2007;;1;1;2,95;2,1669;2,4072;1;14;1;1;1;;0;2,95;2,95;2,95;2,7831;2,7831;2,7831;2,6214;2,4648;2,4648;2,4648;2,3133;2,3133;2,3133;2,1669;2,1669;2,1669;2,1669;2,1669;2,1669;2,3133;2,3133;2,3133;2,3133;2,3133;2,1669;2,1669;2,3133;2,3133;2,3133;2,3133;2,3133;1;1;1;1;1;1;1;1;1;1;1;1;1;1;1;1;1;1;1;1;1;1;1;1;1;1;1;1;1;1;1;
