//------------------------------------------------------------------------------
//
// Sistema de Informações Hidrológicas
// Versão Web 3.0
// © 2001 Agência Nacional de Águas (ANA)
//
// NivelConsistencia: 1 = Bruto, 2 = Consistido
// MediaDiaria: 0 = Não, 1 = Sim
// MetodoObtencaoVazoes: 1 = Curva de descarga, 2 = Transferência de vazões, 3 = Soma de vazões, 4 = ADCP
// Status: 0 = Branco, 1 = Real, 2 = Estimado, 3 = Duvidoso, 4 = Régua Seca
//
// Restrições da consulta:
//   Código da Estação: 41230000
//
//------------------------------------------------------------------------------

//EstacaoCodigo;NivelConsistencia;Data;Hora;MediaDiaria;MetodoObtencaoVazoes;Maxima;Minima;Media;DiaMaxima;DiaMinima;MaximaStatus;MinimaStatus;MediaStatus;MediaAnual;MediaAnualStatus;Vazao01;Vazao02;Vazao03;Vazao04;Vazao05;Vazao06;Vazao07;Vazao08;Vazao09;Vazao10;Vazao11;Vazao12;Vazao13;Vazao14;Vazao15;Vazao16;Vazao17;Vazao18;Vazao19;Vazao20;Vazao21;Vazao22;Vazao23;Vazao24;Vazao25;Vazao26;Vazao27;Vazao28;Vazao29;Vazao30;Vazao31;Vazao01Status;Vazao02Status;Vazao03Status;Vazao04Status;Vazao05Status;Vazao06Status;Vazao07Status;Vazao08Status;Vazao09Status;Vazao10Status;Vazao11Status;Vazao12Status;Vazao13Status;Vazao14Status;Vazao15Status;Vazao16Status;Vazao17Status;Vazao18Status;Vazao19Status;Vazao20Status;Vazao21Status;Vazao22Status;Vazao23Status;Vazao24Status;Vazao25Status;Vazao26Status;Vazao27Status;Vazao28Status;Vazao29Status;Vazao30Status;Vazao31Status;
41230000;2;01/02/1938;;1;1;104;;;18;;1;0;0;;0;;;;;;;;;;;;;;;;;;104;81,5;73,9;71,4;69;66,6;77,7;66,6;65,4;65,4;59,4;;;;0;0;0;0;0;0;0;0;0;0;0;0;0;0;0;0;0;1;1;1;1;1;1;1;1;1;1;1;0;0;;
41230000;2;01/03/1938;;1;1;156;52;65;25;14;1;1;1;;0;60,6;71,4;61,8;71,4;66,6;61,8;58,3;58,3;57,3;57,3;57,3;56,2;57,3;52;55,2;63;89,6;85,4;80,2;76,4;60,6;57,3;56,2;57,3;119;77,7;57,3;58,3;59,4;57,3;57,3;1;1;1;1;1;1;1;1;1;1;1;1;1;1;1;1;1;1;1;1;1;1;1;1;1;1;1;1;1;1;1;
41230000;2;01/04/1938;;1;1;130;50,9;62;11;19;1;1;1;;0;56,2;56,2;56,2;54,1;86,8;73,9;57,3;61,8;61,8;61,8;117;65,4;59,4;57,3;57,3;55,2;58,3;55,2;50,9;57,3;57,3;65,4;84;57,3;57,3;56,2;56,2;56,2;55,2;55,2;;1;1;1;1;1;1;1;1;1;1;1;1;1;1;1;1;1;1;1;1;1;1;1;1;1;1;1;1;1;1;;
41230000;2;01/05/1938;;1;1;98;50,9;56,2;21;2;1;1;1;;0;59,4;50,9;55,2;55,2;55,2;55,2;55,2;55,2;50,9;53;55,2;55,2;55,2;55,2;55,2;50,9;55,2;55,2;55,2;61,8;98;59,4;55,2;53;55,2;55,2;53;55,2;55,2;50,9;53;1;1;1;1;1;1;1;1;1;1;1;1;1;1;1;1;1;1;1;1;1;1;1;1;1;1;1;1;1;1;1;
41230000;2;01/06/1938;;1;1;55,2;44;48,8;1;30;1;1;1;;0;55,2;55,2;53;55,2;53;50,9;52;50,9;50,9;49,9;49,9;47,8;46,9;48,8;49,9;47,8;47,8;47,8;46,9;45;46,9;45,9;46,9;46,9;46,9;45;45,9;45,9;45;44;;1;1;1;1;1;1;1;1;1;1;1;1;1;1;1;1;1;1;1;1;1;1;1;1;1;1;1;1;1;1;;
41230000;2;01/07/1938;;1;1;46,9;39,3;44,2;2;25;1;1;1;;0;45,9;46,9;44;43,1;45,9;45;45,9;45,9;45;44;42,1;45;45;44;42,1;45;45;41,2;45;45;45;45;45;45;39,3;42,1;44;43,1;42,1;44;43,1;1;1;1;1;1;1;1;1;1;1;1;1;1;1;1;1;1;1;1;1;1;1;1;1;1;1;1;1;1;1;1;
41230000;2;01/08/1938;;1;1;59,4;40,2;45,9;9;1;1;1;1;;0;40,2;43,1;43,1;44;44;44;44;45,9;59,4;49,9;45,9;48,8;50,9;49,9;45;45,9;45;45,9;45,9;46,9;46,9;45;45,9;46,9;45,9;45;44;44;41,2;45;45;1;1;1;1;1;1;1;1;1;1;1;1;1;1;1;1;1;1;1;1;1;1;1;1;1;1;1;1;1;1;1;
41230000;2;01/09/1938;;1;1;55,2;39,3;45,6;7;5;1;1;1;;0;45;45;45;40,2;39,3;52;55,2;45,9;45,9;47,8;47,8;54,1;47,8;45,9;47,8;45,9;44;44;42,1;44;44;45,9;45,9;45,9;44;42,1;44;44;44;44;;1;1;1;1;1;1;1;1;1;1;1;1;1;1;1;1;1;1;1;1;1;1;1;1;1;1;1;1;1;1;;
41230000;2;01/10/1938;;1;1;57,3;41,2;45,1;14;3;1;1;1;;0;42,1;42,1;41,2;42,1;45,9;50,9;45;44;42,1;42,1;42,1;44;42,1;56,2;47,8;45,9;43,1;49,9;45,9;46,9;46,9;44;42,1;49,9;45,9;53;44;44;42,1;42,1;42,1;1;1;1;1;1;1;1;1;1;1;1;1;1;1;1;1;1;1;1;1;1;1;1;1;1;1;1;1;1;1;1;
41230000;2;01/11/1938;;1;1;95,2;40,2;48,4;11;7;1;1;1;;0;42,1;49,9;42,1;42,1;42,1;42,1;40,2;52;44;45,9;86,8;80,2;56,2;47,8;49,9;47,8;47,8;45,9;45,9;46,9;42,1;42,1;42,1;47,8;47,8;47,8;44;44;52;44;;1;1;1;1;1;1;1;1;1;1;1;1;1;1;1;1;1;1;1;1;1;1;1;1;1;1;1;1;1;1;;
41230000;2;01/12/1938;;1;1;214;24,2;104;30;6;1;1;1;;0;180;104;66,6;56,2;60,6;24,2;55,2;108;72,7;76,4;63;63;54,1;52;49,9;58,3;52;53;55,2;199;146;133;185;189;122;99,6;125;158;202;206;149;1;1;1;1;1;1;1;1;1;1;1;1;1;1;1;1;1;1;1;1;1;1;1;1;1;1;1;1;1;1;1;
41230000;2;01/01/1939;;1;1;410;58,3;137;25;12;1;1;1;;0;125;103;96,6;81,5;72,7;70,2;67,8;65,4;60,6;60,6;65,4;58,3;82,7;75,2;72,7;76,4;122;109;70,2;67,8;60,6;194;390;331;410;239;231;249;229;177;146;1;1;1;1;1;1;1;1;1;1;1;1;1;1;1;1;1;1;1;1;1;1;1;1;1;1;1;1;1;1;1;
41230000;2;01/02/1939;;1;1;430;65,4;119;11;27;1;1;1;;0;128;117;103;96,6;95,2;89,6;91;86,8;141;168;430;380;136;117;106;96,6;91;82,7;80,2;82,7;91;86,8;82,7;77,7;76,4;67,8;65,4;65,4;;;;1;1;1;1;1;1;1;1;1;1;1;1;1;1;1;1;1;1;1;1;1;1;1;1;1;1;1;1;0;0;;
41230000;2;01/03/1939;;1;1;122;52;62,4;30;19;1;1;1;;0;63;63;61,8;61,8;60,6;58,3;60,6;57,3;57,3;57,3;55,2;56,2;54,1;57,3;55,2;54,1;53;53;52;91;58,3;58,3;57,3;52;54,1;65,4;67,8;60,6;75,2;122;81,5;1;1;1;1;1;1;1;1;1;1;1;1;1;1;1;1;1;1;1;1;1;1;1;1;1;1;1;1;1;1;1;
41230000;2;01/04/1939;;1;1;109;49,9;60,7;6;29;1;1;1;;0;73,9;75,2;59,4;55,2;69;109;71,4;59,4;53;55,2;53;55,2;53;53;53;50,9;50,9;75,2;64,2;91;58,3;55,2;55,2;58,3;53;53;54,1;53;49,9;50,9;;1;1;1;1;1;1;1;1;1;1;1;1;1;1;1;1;1;1;1;1;1;1;1;1;1;1;1;1;1;1;;
41230000;2;01/05/1939;;1;1;69;48,8;53;2;15;1;1;1;;0;53;69;55,2;53;50,9;55,2;53;50,9;53;55,2;53;53;53;53;48,8;53;50,9;55,2;53;53;53;53;53;53;53;53;50,9;50,9;48,8;48,8;50,9;1;1;1;1;1;1;1;1;1;1;1;1;1;1;1;1;1;1;1;1;1;1;1;1;1;1;1;1;1;1;1;
41230000;2;01/06/1939;;1;1;50,9;43,1;46,2;1;12;1;1;1;;0;50,9;50,9;48,8;48,8;46,9;46,9;46,9;46,9;46,9;46,9;46,9;43,1;45;45;46,9;46,9;46,9;45;43,1;45;45;45;45;45;45;43,1;45;45;46,9;46,9;;1;1;1;1;1;1;1;1;1;1;1;1;1;1;1;1;1;1;1;1;1;1;1;1;1;1;1;1;1;1;;
41230000;2;01/07/1939;;1;1;50,9;;;10;;1;0;0;;0;;;;;;;;;27,2;50,9;28;28;28;28;28;27,2;25;26,5;27,2;27,2;27,2;27,2;27,2;26,5;28;28,7;28;26,5;26,5;26,5;25;0;0;0;0;0;0;0;0;1;1;1;1;1;1;1;1;1;1;1;1;1;1;1;1;1;1;1;1;1;1;1;
41230000;2;01/08/1939;;1;1;28;25;27,5;1;19;1;1;1;;0;28;28;28;28;28;28;28;27,2;28;28;28;28;26,5;26,5;28;27,2;28;28;25;27,2;28;27,2;28;26,5;28;27,2;28;25;28;27,2;26,5;1;1;1;1;1;1;1;1;1;1;1;1;1;1;1;1;1;1;1;1;1;1;1;1;1;1;1;1;1;1;1;
41230000;2;01/09/1939;;1;1;59,4;25;32,1;23;8;1;1;1;;0;28;26,5;28;26,5;52;30,2;26,5;25;25,7;28;28;26,5;28;28,7;28;27,2;25,7;28;28;28;28;27,2;59,4;45;54,1;28;28;45;45;30,2;;1;1;1;1;1;1;1;1;1;1;1;1;1;1;1;1;1;1;1;1;1;1;1;1;1;1;1;1;1;1;;
41230000;2;01/10/1939;;1;1;;;;;;0;0;0;;0;36;96,6;47,8;57,3;59,4;55,2;48,8;47,8;47,8;45;54,1;50,9;45;46,9;45;57,3;72,7;36;36;38,5;38,5;41,2;38,5;38,5;33,5;37,6;35,1;32,7;34,3;29,5;;1;1;1;1;1;1;1;1;1;1;1;1;1;1;1;1;1;1;1;1;1;1;1;1;1;1;1;1;1;1;0;
41230000;2;01/11/1939;;1;1;67,8;26,5;34,1;22;6;1;1;1;;0;35,1;30,2;30,2;31;27,2;26,5;26,5;26,5;26,5;26,5;26,5;28;28,7;37,6;31,8;31,8;29,5;30,2;28;26,5;42,1;67,8;40,2;37,6;61,8;48,8;41,2;32,7;32,7;33,5;;1;1;1;1;1;1;1;1;1;1;1;1;1;1;1;1;1;1;1;1;1;1;1;1;1;1;1;1;1;1;;
41230000;2;01/12/1939;;1;1;140;29,5;53,6;20;3;1;1;1;;0;99,6;104;29,5;29,5;31,8;31,8;66,6;58,3;55,2;39,3;49,9;40,2;52;47,8;43,1;36,8;38,5;36,8;38,5;140;65,4;96,6;65,4;50,9;43,1;45;38,5;34,3;64,2;43,1;45,9;1;1;1;1;1;1;1;1;1;1;1;1;1;1;1;1;1;1;1;1;1;1;1;1;1;1;1;1;1;1;1;
41230000;2;01/01/1940;;1;1;168;32,7;56,7;27;5;1;1;1;41,7;1;38,5;33,5;41,2;34,3;32,7;38,5;37,6;52;61,8;75,2;56,2;52;41,2;41,2;34,3;34,3;38,5;36,8;37,6;41,2;45;53;67,8;88,2;67,8;63;168;114;42,1;93,8;95,2;1;1;1;1;1;1;1;1;1;1;1;1;1;1;1;1;1;1;1;1;1;1;1;1;1;1;1;1;1;1;1;
41230000;2;01/02/1940;;1;1;86,8;34,3;51,8;13;17;1;1;1;41,7;1;58,3;45;42,1;45;45,9;73,9;65,4;66,6;57,3;46,9;41,2;80,2;86,8;60,6;43,1;37,6;34,3;52;46,9;43,1;45,9;42,1;46,9;50,9;50,9;58,3;47,8;46,9;41,2;;;1;1;1;1;1;1;1;1;1;1;1;1;1;1;1;1;1;1;1;1;1;1;1;1;1;1;1;1;1;0;;
41230000;2;01/03/1940;;1;1;261;37,6;69,7;18;3;1;1;1;41,7;1;41,2;38,5;37,6;43,1;38,5;56,2;55,2;46,9;46,9;41,2;50,9;120;108;49,9;143;117;119;261;122;85,4;80,2;42,1;45;43,1;56,2;50,9;46,9;41,2;45;45;45;1;1;1;1;1;1;1;1;1;1;1;1;1;1;1;1;1;1;1;1;1;1;1;1;1;1;1;1;1;1;1;
41230000;2;01/04/1940;;1;1;49,9;31;36,1;1;22;1;1;1;41,7;1;49,9;39,3;40,2;39,3;39,3;38,5;36,8;36,8;40,2;39,3;36,8;36;33,5;34,3;34,3;34,3;34,3;39,3;35,1;32,7;34,3;31;34,3;33,5;35,1;34,3;34,3;32,7;31,8;31,8;;1;1;1;1;1;1;1;1;1;1;1;1;1;1;1;1;1;1;1;1;1;1;1;1;1;1;1;1;1;1;;
41230000;2;01/05/1940;;1;1;33,5;26,5;29,6;4;2;1;1;1;41,7;1;30,2;26,5;31;33,5;30,2;30,2;30,2;29,5;29,5;29,5;29,5;28,7;28,7;28;30,2;29,5;31;28,7;30,2;28;30,2;30,2;29,5;26,5;28,7;28,7;30,2;30,2;30,2;29,5;29,5;1;1;1;1;1;1;1;1;1;1;1;1;1;1;1;1;1;1;1;1;1;1;1;1;1;1;1;1;1;1;1;
41230000;2;01/06/1940;;1;1;29,5;22,2;25,8;1;17;1;1;1;41,7;1;29,5;28;25,7;27,2;27,2;28;28;26,5;26,5;23,5;26,5;26,5;26,5;25,7;25,7;25,7;22,2;25;24,2;25;25,7;28;25,7;29,5;23,5;25,7;24,2;22,8;24,2;22,8;;1;1;1;1;1;1;1;1;1;1;1;1;1;1;1;1;1;1;1;1;1;1;1;1;1;1;1;1;1;1;;
41230000;2;01/07/1940;;1;1;28;20,1;23,9;10;29;1;1;1;41,7;1;22,2;25;25;25;27,2;27,2;25;21,5;27,2;28;24,2;22,8;22,8;23,5;20,8;20,8;24,2;23,5;25,7;25,7;25,7;20,8;23,5;23,5;24,2;24,2;22,8;23,5;20,1;23,5;22,8;1;1;1;1;1;1;1;1;1;1;1;1;1;1;1;1;1;1;1;1;1;1;1;1;1;1;1;1;1;1;1;
41230000;2;01/08/1940;;1;1;25;20,1;22,4;3;12;1;1;1;41,7;1;23,5;22,8;25;22,8;21,5;24,2;22,8;23,5;23,5;24,2;22,8;20,1;22,8;22,2;22,2;20,8;22,8;21,5;20,8;22,8;22,8;22,8;22,8;22,2;21,5;20,1;22,2;22,2;21,5;20,8;21,5;1;1;1;1;1;1;1;1;1;1;1;1;1;1;1;1;1;1;1;1;1;1;1;1;1;1;1;1;1;1;1;
41230000;2;01/09/1940;;1;1;43,1;18,8;23,2;25;9;1;1;1;41,7;1;21,5;20,8;22,8;23,5;21,5;22,2;22,8;20,1;18,8;22,8;22,8;22,2;22,8;22,8;22,2;18,8;22,2;22,8;22,2;22,2;22,8;22,2;20,1;28;43,1;30,2;25,7;22,8;22,8;20,1;;1;1;1;1;1;1;1;1;1;1;1;1;1;1;1;1;1;1;1;1;1;1;1;1;1;1;1;1;1;1;;
41230000;2;01/10/1940;;1;1;55,2;19,5;28,7;27;7;1;1;1;41,7;1;22,8;22,8;22,2;25;22,8;21,5;19,5;22,2;22,8;29,5;28,7;54,1;34,3;25,7;26,5;25;25;23,5;25;23,5;22,8;27,2;28;25,7;40,2;29,5;55,2;29,5;46,9;34,3;28,7;1;1;1;1;1;1;1;1;1;1;1;1;1;1;1;1;1;1;1;1;1;1;1;1;1;1;1;1;1;1;1;
41230000;2;01/11/1940;;1;1;207;28;62,3;15;1;1;1;1;41,7;1;28;37,6;37,6;28;45;36,8;35,1;28;30,2;34,3;28;37,6;59,4;88,2;207;155;69;71,4;59,4;52;45;40,2;36,8;36;106;54,1;132;95,2;98;59,4;;1;1;1;1;1;1;1;1;1;1;1;1;1;1;1;1;1;1;1;1;1;1;1;1;1;1;1;1;1;1;;
41230000;2;01/12/1940;;1;1;279;29,5;70,3;23;9;1;1;1;41,7;1;46,9;44;37,6;37,6;36;36;31,8;34,3;29,5;35,1;33,5;35,1;36,8;34,3;39,3;29,5;34,3;48,8;52;71,4;111;168;279;214;168;140;86,8;66,6;57,3;53;53;1;1;1;1;1;1;1;1;1;1;1;1;1;1;1;1;1;1;1;1;1;1;1;1;1;1;1;1;1;1;1;
41230000;2;01/01/1941;;1;1;140;45;74;24;10;1;1;1;36,6;1;81,5;70,2;108;122;73,9;61,8;57,3;52;46,9;45;63;57,3;82,7;70,2;69;69;72,7;111;80,2;103;70,2;50,9;65,4;140;61,8;71,4;69;75,2;82,7;54,1;55,2;1;1;1;1;1;1;1;1;1;1;1;1;1;1;1;1;1;1;1;1;1;1;1;1;1;1;1;1;1;1;1;
41230000;2;01/02/1941;;1;1;88,2;30,2;43,5;28;17;1;1;1;36,6;1;48,8;46,9;46,9;49,9;48,8;46,9;43,1;42,1;39,3;37,6;44;39,3;37,6;37,6;36;36;30,2;36;34,3;36;37,6;39,3;41,2;36,8;45,9;45;66,6;88,2;;;;1;1;1;1;1;1;1;1;1;1;1;1;1;1;1;1;1;1;1;1;1;1;1;1;1;1;1;1;0;0;;
41230000;2;01/03/1941;;1;1;135;36;47,6;5;24;1;1;1;36,6;1;52;52;45,9;44;135;52;45;44;39,3;43,1;37,6;39,3;39,3;41,2;39,3;40,2;52;45,9;79;41,2;41,2;39,3;37,6;36;55,2;61,8;45;39,3;37,6;38,5;37,6;1;1;1;1;1;1;1;1;1;1;1;1;1;1;1;1;1;1;1;1;1;1;1;1;1;1;1;1;1;1;1;
41230000;2;01/04/1941;;1;1;101;31,8;45;3;28;1;1;1;36,6;1;37,6;75,2;101;67,8;52;50,9;45;44;54,1;59,4;58,3;45,9;41,2;39,3;38,5;39,3;38,5;37,6;36,8;36;36;34,3;36;35,1;35,1;36,8;36,8;31,8;35,1;35,1;;1;1;1;1;1;1;1;1;1;1;1;1;1;1;1;1;1;1;1;1;1;1;1;1;1;1;1;1;1;1;;
41230000;2;01/05/1941;;1;1;36;25,7;29,7;1;26;1;1;1;36,6;1;36;30,2;32,7;32,7;32,7;30,2;31;32,7;29,5;29,5;29,5;27,2;28,7;28,7;28,7;28,7;29,5;28,7;26,5;28,7;28,7;28,7;27,2;28,7;28;25,7;28;29,5;29,5;28,7;35,1;1;1;1;1;1;1;1;1;1;1;1;1;1;1;1;1;1;1;1;1;1;1;1;1;1;1;1;1;1;1;1;
41230000;2;01/06/1941;;1;1;28,7;20,8;26,1;1;23;1;1;1;36,6;1;28,7;27,2;28,7;27,2;27,2;26,5;27,2;26,5;24,2;28,7;26,5;26,5;22,2;25;26,5;22,2;26,5;27,2;26,5;28;27,2;25;20,8;28;25;26,5;28;27,2;25;20,8;;1;1;1;1;1;1;1;1;1;1;1;1;1;1;1;1;1;1;1;1;1;1;1;1;1;1;1;1;1;1;;
41230000;2;01/07/1941;;1;1;29,5;19,5;23,5;19;27;1;1;1;36,6;1;23,5;23,5;23,5;25;23,5;23,5;20,8;25;23,5;25;26,5;25;22,2;20,8;23,5;23,5;22,2;23,5;29,5;26,5;20,8;23,5;23,5;23,5;22,2;22,2;19,5;20,8;23,5;26,5;22,2;1;1;1;1;1;1;1;1;1;1;1;1;1;1;1;1;1;1;1;1;1;1;1;1;1;1;1;1;1;1;1;
41230000;2;01/08/1941;;1;1;25;18,1;21,3;19;25;1;1;1;36,6;1;22,2;20,8;23,5;19,5;20,8;20,8;20,8;20,8;20,8;20,8;20,8;22,2;20,8;23,5;23,5;20,8;20,8;19,5;25;23,5;20,8;19,5;20,8;19,5;18,1;22,2;22,2;22,2;22,2;22,2;19,5;1;1;1;1;1;1;1;1;1;1;1;1;1;1;1;1;1;1;1;1;1;1;1;1;1;1;1;1;1;1;1;
41230000;2;01/09/1941;;1;1;46,9;16,8;23,5;30;1;1;1;1;36,6;1;16,8;18,1;19,5;20,8;20,8;20,8;19,5;16,8;16,8;16,8;19,5;19,5;22,2;23,5;20,8;25;25;25;25;22,2;25;20,8;25;29,5;26,5;39,3;28;26,5;23,5;46,9;;1;1;1;1;1;1;1;1;1;1;1;1;1;1;1;1;1;1;1;1;1;1;1;1;1;1;1;1;1;1;;
41230000;2;01/10/1941;;1;1;34,3;20,8;25,8;1;24;1;1;1;36,6;1;34,3;29,5;25;26,5;26,5;26,5;28;26,5;26,5;28;25;23,5;25;23,5;26,5;26,5;28;28;25;23,5;25;25,7;25;20,8;20,8;23,5;20,8;25;32,7;25;25;1;1;1;1;1;1;1;1;1;1;1;1;1;1;1;1;1;1;1;1;1;1;1;1;1;1;1;1;1;1;1;
41230000;2;01/11/1941;;1;1;70,2;22,8;32,1;8;3;1;1;1;36,6;1;25,7;24,2;22,8;26,5;27,2;26,5;28;70,2;59,4;36,8;28,7;30,2;29,5;28,7;26,5;24,2;22,8;35,1;35,1;28,7;27,2;28,7;35,1;28,7;27,2;28;28;30,2;52;41,2;;1;1;1;1;1;1;1;1;1;1;1;1;1;1;1;1;1;1;1;1;1;1;1;1;1;1;1;1;1;1;;
41230000;2;01/12/1941;;1;1;119;30,2;47,3;24;9;1;1;1;36,6;1;44;71,4;48,8;40,2;75,2;48,8;36;40,2;30,2;36;41,2;46,9;33,5;31;30,2;34,3;36;31,8;31;31,8;44;54,1;36;119;63;54,1;91;50,9;33,5;49,9;52;1;1;1;1;1;1;1;1;1;1;1;1;1;1;1;1;1;1;1;1;1;1;1;1;1;1;1;1;1;1;1;
41230000;2;01/01/1942;;1;1;400;42,1;92,1;10;31;1;1;1;47;1;49,9;57,3;43,1;48,8;61,8;163;117;65,4;77,7;400;267;146;96,6;71,4;69;76,4;71,4;67,8;61,8;67,8;66,6;106;101;76,4;66,6;96,6;64,2;57,3;50,9;46,9;42,1;1;1;1;1;1;1;1;1;1;1;1;1;1;1;1;1;1;1;1;1;1;1;1;1;1;1;1;1;1;1;1;
41230000;2;01/02/1942;;1;1;77,7;36,8;48,9;19;9;1;1;1;47;1;44;42,1;45,9;44;43,1;41,2;42,1;37,6;36,8;39,3;45;48,8;41,2;43,1;44;46,9;53;65,4;77,7;64,2;73,9;67,8;59,4;48,8;45,9;44;43,1;40,2;;;;1;1;1;1;1;1;1;1;1;1;1;1;1;1;1;1;1;1;1;1;1;1;1;1;1;1;1;1;0;0;;
41230000;2;01/03/1942;;1;1;130;40,2;66,3;3;30;1;1;1;47;1;57,3;80,2;130;82,7;96,6;96,6;77,7;64,2;59,4;73,9;76,4;81,5;96,6;95,2;61,8;67,8;55,2;50,9;53;49,9;48,8;47,8;70,2;72,7;49,9;46,9;44;43,1;41,2;40,2;42,1;1;1;1;1;1;1;1;1;1;1;1;1;1;1;1;1;1;1;1;1;1;1;1;1;1;1;1;1;1;1;1;
41230000;2;01/04/1942;;1;1;76,4;31,8;40,2;17;27;1;1;1;47;1;41,2;45;37,6;36;37,6;36;43,1;37,6;40,2;46,9;42,1;41,2;34,3;38,5;36;38,5;76,4;52;42,1;36,8;38,5;38,5;36,8;37,6;37,6;35,1;31,8;36,8;37,6;36,8;;1;1;1;1;1;1;1;1;1;1;1;1;1;1;1;1;1;1;1;1;1;1;1;1;1;1;1;1;1;1;;
41230000;2;01/05/1942;;1;1;37,6;28,7;32,9;7;25;1;1;1;47;1;36;30,2;32,7;29,5;36;36;37,6;37,6;36;36;30,2;35,1;32,7;33,5;31,8;31,8;32,7;29,5;31,8;32,7;34,3;34,3;35,1;35,1;28,7;31,8;31,8;31;31;30,2;28,7;1;1;1;1;1;1;1;1;1;1;1;1;1;1;1;1;1;1;1;1;1;1;1;1;1;1;1;1;1;1;1;
41230000;2;01/06/1942;;1;1;31;22,8;27,5;6;22;1;1;1;47;1;28;29,5;30,2;30,2;25;31;30,2;28,7;29,5;28,7;28;28,7;29,5;28;24,2;25;25;25;25;28,7;28;22,8;28,7;28,7;26,5;28;26,5;28;24,2;25,7;;1;1;1;1;1;1;1;1;1;1;1;1;1;1;1;1;1;1;1;1;1;1;1;1;1;1;1;1;1;1;;
41230000;2;01/07/1942;;1;1;29,5;22,8;27,5;3;27;1;1;1;47;1;28,7;28,7;29,5;29,5;27,2;24,2;28;29,5;27,2;28,7;28,7;27,2;25;29,5;29,5;28;29,5;27,2;26,5;24,2;28;26,5;28;26,5;27,2;25,7;22,8;28;28;26,5;28;1;1;1;1;1;1;1;1;1;1;1;1;1;1;1;1;1;1;1;1;1;1;1;1;1;1;1;1;1;1;1;
41230000;2;01/08/1942;;1;1;28;18,1;24,5;7;25;1;1;1;47;1;26,5;24,2;19,5;26,5;25,7;27,2;28;25,7;24,2;20,8;25,7;27,2;25;27,2;26,5;22,2;21,5;26,5;25;22,8;25;26,5;23,5;20,8;18,1;25;26,5;24,2;25,7;24,2;20,8;1;1;1;1;1;1;1;1;1;1;1;1;1;1;1;1;1;1;1;1;1;1;1;1;1;1;1;1;1;1;1;
41230000;2;01/09/1942;;1;1;53;20,8;27,9;25;7;1;1;1;47;1;25;26,5;28;25,7;26,5;23,5;20,8;22,2;27,2;26,5;26,5;25,7;25;20,8;25;26,5;29,5;29,5;31;27,2;20,8;26,5;27,2;45;53;36,8;28;25;30,2;25,7;;1;1;1;1;1;1;1;1;1;1;1;1;1;1;1;1;1;1;1;1;1;1;1;1;1;1;1;1;1;1;;
41230000;2;01/10/1942;;1;1;58,3;22,8;32;16;12;1;1;1;47;1;28;27,2;31,8;28,7;25,7;27,2;30,2;30,2;43,1;34,3;28;22,8;25,7;30,2;33,5;58,3;32,7;28;28;30,2;30,2;30,2;27,2;30,2;25,7;25;34,3;34,3;52;37,6;40,2;1;1;1;1;1;1;1;1;1;1;1;1;1;1;1;1;1;1;1;1;1;1;1;1;1;1;1;1;1;1;1;
41230000;2;01/11/1942;;1;1;99,6;29,5;41,3;30;13;1;1;1;47;1;36;82,7;38,5;41,2;38,5;37,6;36,8;36,8;33,5;36;33,5;31;29,5;33,5;31,8;49,9;41,2;38,5;69;40,2;37,6;33,5;29,5;31,8;32,7;30,2;45;45;37,6;99,6;;1;1;1;1;1;1;1;1;1;1;1;1;1;1;1;1;1;1;1;1;1;1;1;1;1;1;1;1;1;1;;
41230000;2;01/12/1942;;1;1;463;42,1;103;29;8;1;1;1;47;1;85,4;56,2;112;89,6;58,3;49,9;43,1;42,1;47,8;58,3;70,2;104;61,8;99,6;85,4;279;85,4;92,4;93,8;81,5;70,2;63;61,8;54,1;52;67,8;84;103;463;247;227;1;1;1;1;1;1;1;1;1;1;1;1;1;1;1;1;1;1;1;1;1;1;1;1;1;1;1;1;1;1;1;
41230000;2;01/01/1944;;1;1;166;31,8;52,3;29;10;1;1;1;42,6;1;45;40,2;35,1;40,2;38,5;40,2;43,1;40,2;44;31,8;37,6;61,8;55,2;37,6;37,6;37,6;33,5;53;55,2;42,1;39,3;41,2;38,5;50,9;54,1;98;77,7;104;112;86,8;67,8;1;1;1;1;1;1;1;1;1;1;1;1;1;1;1;1;1;1;1;1;1;1;1;1;1;1;1;1;1;1;1;
41230000;2;01/02/1944;;1;1;273;38,5;75,7;5;6;1;1;1;42,6;1;56,2;80,2;73,9;63;182;38,5;63;119;85,4;124;108;92,4;85,4;75,2;61,8;61,8;91;72,7;67,8;67,8;56,2;58,3;58,3;56,2;53;50,9;49,9;80,2;61,8;;;1;1;1;1;1;1;1;1;1;1;1;1;1;1;1;1;1;1;1;1;1;1;1;1;1;1;1;1;1;0;;
41230000;2;01/03/1944;;1;1;127;44;58,4;7;13;1;1;1;42,6;1;57,3;49,9;70,2;61,8;84;55,2;85,4;71,4;53;50,9;49,9;46,9;44;52;49,9;48,8;46,9;56,2;57,3;54,1;76,4;57,3;54,1;70,2;65,4;65,4;65,4;56,2;54,1;50,9;49,9;1;1;1;1;1;1;1;1;1;1;1;1;1;1;1;1;1;1;1;1;1;1;1;1;1;1;1;1;1;1;1;
41230000;2;01/04/1944;;1;1;76,4;37,6;45,9;2;17;1;1;1;42,6;1;47,8;76,4;53;47,8;47,8;46,9;42,1;42,1;42,1;46,9;42,1;49,9;44;45;43,1;46,9;37,6;45;45;45;53;55,2;43,1;37,6;45;43,1;41,2;41,2;41,2;41,2;;1;1;1;1;1;1;1;1;1;1;1;1;1;1;1;1;1;1;1;1;1;1;1;1;1;1;1;1;1;1;;
41230000;2;01/05/1944;;1;1;42,1;31,8;37,5;10;29;1;1;1;42,6;1;37,6;37,6;41,2;41,2;41,2;39,3;37,6;36;36;42,1;37,6;42,1;38,5;38,5;32,7;37,6;37,6;36;33,5;38,5;37,6;34,3;37,6;37,6;42,1;37,6;36,8;34,3;31,8;35,1;34,3;1;1;1;1;1;1;1;1;1;1;1;1;1;1;1;1;1;1;1;1;1;1;1;1;1;1;1;1;1;1;1;
41230000;2;01/06/1944;;1;1;37,6;28,7;33,7;1;26;1;1;1;42,6;1;37,6;35,1;37,6;34,3;31,8;36;35,1;35,1;29,5;36;34,3;29,5;33,5;36;35,1;34,3;35,1;33,5;29,5;33,5;34,3;33,5;33,5;36;31,8;28,7;33,5;33,5;33,5;29,5;;1;1;1;1;1;1;1;1;1;1;1;1;1;1;1;1;1;1;1;1;1;1;1;1;1;1;1;1;1;1;;
41230000;2;01/07/1944;;1;1;39,3;26,5;32,3;20;24;1;1;1;42,6;1;34,3;33,5;28;33,5;36;33,5;33,5;32,7;31,8;27,2;34,3;32,7;32,7;32,7;32,7;31,8;28;33,5;35,1;39,3;33,5;32,7;32,7;26,5;32,7;32,7;31;31,8;31,8;31,8;26,5;1;1;1;1;1;1;1;1;1;1;1;1;1;1;1;1;1;1;1;1;1;1;1;1;1;1;1;1;1;1;1;
41230000;2;01/08/1944;;1;1;33,5;24,2;30,2;4;28;1;1;1;42,6;1;28,7;32,7;32,7;33,5;32,7;29,5;26,5;31,8;33,5;30,2;32,7;30,2;31;28;29,5;29,5;30,2;31;32,7;32,7;26,5;29,5;29,5;29,5;31,8;31,8;28,7;24,2;27,2;31;28,7;1;1;1;1;1;1;1;1;1;1;1;1;1;1;1;1;1;1;1;1;1;1;1;1;1;1;1;1;1;1;1;
41230000;2;01/09/1944;;1;1;30,2;21,5;27,2;2;25;1;1;1;42,6;1;29,5;30,2;27,2;25;28;28,7;28,7;22,8;28,7;28,7;23,5;26,5;29,5;29,5;29,5;28;29,5;22,8;28,7;28,7;28;28;27,2;27,2;21,5;28;25;26,5;25,7;26,5;;1;1;1;1;1;1;1;1;1;1;1;1;1;1;1;1;1;1;1;1;1;1;1;1;1;1;1;1;1;1;;
41230000;2;01/10/1944;;1;1;86,8;21,5;30,4;29;2;1;1;1;42,6;1;23,5;21,5;25;28;25,7;24,2;22,8;22,8;21,5;22,8;25;25;25,7;26,5;27,2;24,2;33,5;28,7;28,7;30,2;44;28,7;22,8;30,2;27,2;28;32,7;29,5;86,8;47,8;50,9;1;1;1;1;1;1;1;1;1;1;1;1;1;1;1;1;1;1;1;1;1;1;1;1;1;1;1;1;1;1;1;
41230000;2;01/11/1944;;1;1;88,2;24,2;37,8;26;6;1;1;1;42,6;1;33,5;25,7;25,7;26,5;25,7;24,2;27,2;28;27,2;27,2;25;25;24,2;27,2;29,5;65,4;44;33,5;31;44;41,2;52;38,5;57,3;77,7;88,2;38,5;36;38,5;45,9;;1;1;1;1;1;1;1;1;1;1;1;1;1;1;1;1;1;1;1;1;1;1;1;1;1;1;1;1;1;1;;
41230000;2;01/12/1944;;1;1;92,4;31;50;11;18;1;1;1;42,6;1;45;37,6;35,1;46,9;44;65,4;52;58,3;44;50,9;92,4;56,2;46,9;42,1;37,6;37,6;34,3;31;45,9;39,3;36,8;35,1;34,3;36,8;34,3;76,4;71,4;81,5;73,9;79;46,9;1;1;1;1;1;1;1;1;1;1;1;1;1;1;1;1;1;1;1;1;1;1;1;1;1;1;1;1;1;1;1;
41230000;2;01/01/1945;;1;1;297;36;116;14;2;1;1;1;58,6;1;43,1;36;39,3;41,2;39,3;40,2;39,3;98;237;172;92,4;106;229;291;141;125;95,2;75,2;86,8;106;103;168;124;92,4;84;111;98;243;178;133;127;1;1;1;1;1;1;1;1;1;1;1;1;1;1;1;1;1;1;1;1;1;1;1;1;1;1;1;1;1;1;1;
41230000;2;01/02/1945;;1;1;170;48,8;87;5;26;1;1;1;58,6;1;95,2;108;106;98;161;124;130;138;101;98;92,4;84;89,6;77,7;108;82,7;72,7;76,4;76,4;73,9;63;59,4;58,3;55,2;54,1;48,8;52;53;;;;1;1;1;1;1;1;1;1;1;1;1;1;1;1;1;1;1;1;1;1;1;1;1;1;1;1;1;1;0;0;;
41230000;2;01/03/1945;;1;1;166;46,9;65,8;28;19;1;1;1;58,6;1;55,2;59,4;63;86,8;49,9;50,9;52;57,3;55,2;64,2;71,4;66,6;54,1;63;59,4;70,2;61,8;49,9;46,9;48,8;81,5;70,2;122;61,8;53;52;71,4;146;70,2;65,4;59,4;1;1;1;1;1;1;1;1;1;1;1;1;1;1;1;1;1;1;1;1;1;1;1;1;1;1;1;1;1;1;1;
41230000;2;01/04/1945;;1;1;146;53;69,2;2;30;1;1;1;58,6;1;71,4;136;99,6;84;79;72,7;65,4;60,6;59,4;59,4;59,4;98;82,7;73,9;65,4;59,4;60,6;59,4;58,3;88,2;79;60,6;58,3;57,3;57,3;55,2;54,1;54,1;55,2;53;;1;1;1;1;1;1;1;1;1;1;1;1;1;1;1;1;1;1;1;1;1;1;1;1;1;1;1;1;1;1;;
41230000;2;01/05/1945;;1;1;57,3;39,3;49,2;2;28;1;1;1;58,6;1;54,1;56,2;52;56,2;53;49,9;47,8;46,9;48,8;49,9;48,8;49,9;47,8;46,9;48,8;50,9;53;55,2;54,1;49,9;40,2;45;48,8;47,8;46,9;46,9;46,9;39,3;46,9;48,8;46,9;1;1;1;1;1;1;1;1;1;1;1;1;1;1;1;1;1;1;1;1;1;1;1;1;1;1;1;1;1;1;1;
41230000;2;01/06/1945;;1;1;66,6;34,3;43;26;18;1;1;1;58,6;1;37,6;44;44;36;45;44;46,9;45;44;44;36;44;45;44;44;41,2;42,1;34,3;40,2;43,1;43,1;44;44;42,1;35,1;64,2;48,8;44;44;36;;1;1;1;1;1;1;1;1;1;1;1;1;1;1;1;1;1;1;1;1;1;1;1;1;1;1;1;1;1;1;;
41230000;2;01/07/1945;;1;1;45;31;38,2;6;16;1;1;1;58,6;1;39,3;34,3;40,2;40,2;40,2;41,2;38,5;39,3;32,7;38,5;40,2;40,2;41,2;40,2;39,3;31;38,5;40,2;36,8;39,3;37,6;39,3;31,8;40,2;39,3;39,3;40,2;38,5;36,8;31;37,6;1;1;1;1;1;1;1;1;1;1;1;1;1;1;1;1;1;1;1;1;1;1;1;1;1;1;1;1;1;1;1;
41230000;2;01/08/1945;;1;1;41,2;27,2;35,6;1;20;1;1;1;58,6;1;39,3;37,6;37,6;39,3;37,6;30,2;38,5;39,3;39,3;38,5;36;34,3;28;34,3;37,6;28,7;38,5;37,6;35,1;27,2;34,3;36;39,3;38,5;35,1;36;29,5;35,1;35,1;34,3;35,1;1;1;1;1;1;1;1;1;1;1;1;1;1;1;1;1;1;1;1;1;1;1;1;1;1;1;1;1;1;1;1;
41230000;2;01/09/1945;;1;1;41,2;26,5;33,5;21;17;1;1;1;58,6;1;34,3;36;31;36;36,8;36;34,3;27,2;28,7;28;34,3;36;36;31,8;34,3;34,3;26,5;34,3;35,1;36;39,3;38,5;31,8;27,2;35,1;32,7;34,3;34,3;31;34,3;;1;1;1;1;1;1;1;1;1;1;1;1;1;1;1;1;1;1;1;1;1;1;1;1;1;1;1;1;1;1;;
41230000;2;01/10/1945;;1;1;127;26,5;38,2;31;22;1;1;1;58,6;1;28;38,5;38,5;35,1;36,8;35,1;36;31;35,1;41,2;38,5;35,1;35,1;35,1;27,2;33,5;34,3;42,1;35,1;34,3;31;26,5;31;34,3;34,3;32,7;41,2;66,6;48,8;38,5;95,2;1;1;1;1;1;1;1;1;1;1;1;1;1;1;1;1;1;1;1;1;1;1;1;1;1;1;1;1;1;1;1;
41230000;2;01/11/1945;;1;1;146;30,2;44,6;29;12;1;1;1;58,6;1;42,1;52;49,9;45,9;33,5;38,5;43,1;37,6;57,3;46,9;36;30,2;34,3;60,6;52;33,5;36;34,3;30,2;36,8;35,1;33,5;36;42,1;42,1;37,6;42,1;71,4;114;54,1;;1;1;1;1;1;1;1;1;1;1;1;1;1;1;1;1;1;1;1;1;1;1;1;1;1;1;1;1;1;1;;
41230000;2;01/12/1945;;1;1;257;32,7;83,4;23;3;1;1;1;58,6;1;67,8;42,1;32,7;38,5;39,3;38,5;56,2;53;42,1;63;54,1;55,2;48,8;52;72,7;81,5;106;59,4;64,2;56,2;65,4;71,4;209;116;85,4;95,2;138;209;144;175;155;1;1;1;1;1;1;1;1;1;1;1;1;1;1;1;1;1;1;1;1;1;1;1;1;1;1;1;1;1;1;1;
41230000;2;01/01/1946;;1;1;222;52;94,7;1;30;1;1;1;42,6;1;192;182;172;175;143;185;116;103;81,5;80,2;75,2;67,8;63;63;60,6;69;73,9;60,6;82,7;75,2;103;109;65,4;70,2;79;80,2;75,2;69;57,3;52;56,2;1;1;1;1;1;1;1;1;1;1;1;1;1;1;1;1;1;1;1;1;1;1;1;1;1;1;1;1;1;1;1;
41230000;2;01/02/1946;;1;1;95,2;38,5;47,5;12;25;1;1;1;42,6;1;53;52;55,2;47,8;52;49,9;49,9;46,9;46,9;42,1;40,2;81,5;58,3;50,9;46,9;46,9;40,2;39,3;42,1;54,1;42,1;40,2;46,9;42,1;38,5;41,2;41,2;42,1;;;;1;1;1;1;1;1;1;1;1;1;1;1;1;1;1;1;1;1;1;1;1;1;1;1;1;1;1;1;0;0;;
41230000;2;01/03/1946;;1;1;89,6;35,1;51,3;19;4;1;1;1;42,6;1;41,2;40,2;42,1;35,1;42,1;40,2;52;46,9;41,2;45;49,9;52;44;52;54,1;58,3;80,2;73,9;82,7;56,2;48,8;44;52;75,2;60,6;53;44;45,9;50,9;42,1;45;1;1;1;1;1;1;1;1;1;1;1;1;1;1;1;1;1;1;1;1;1;1;1;1;1;1;1;1;1;1;1;
41230000;2;01/04/1946;;1;1;108;36,8;50;7;1;1;1;1;42,6;1;36,8;45,9;56,2;81,5;54,1;56,2;82,7;47,8;80,2;70,2;54,1;53;47,8;49,9;42,1;47,8;43,1;42,1;46,9;37,6;42,1;37,6;45,9;44;42,1;42,1;47,8;41,2;37,6;44;;1;1;1;1;1;1;1;1;1;1;1;1;1;1;1;1;1;1;1;1;1;1;1;1;1;1;1;1;1;1;;
41230000;2;01/05/1946;;1;1;50,9;31;37,9;3;31;1;1;1;42,6;1;41,2;36,8;44;43,1;41,2;33,5;42,1;42,1;35,1;39,3;36,8;37,6;35,1;42,1;41,2;38,5;38,5;38,5;42,1;33,5;36,8;36,8;36;36;33,5;36,8;36,8;40,2;35,1;35,1;31;1;1;1;1;1;1;1;1;1;1;1;1;1;1;1;1;1;1;1;1;1;1;1;1;1;1;1;1;1;1;1;
41230000;2;01/06/1946;;1;1;41,2;26,5;32,4;8;17;1;1;1;42,6;1;35,1;33,5;30,2;36;32,7;35,1;34,3;36,8;35,1;27,2;32,7;32,7;31,8;32,7;29,5;33,5;26,5;32,7;32,7;32,7;28;32,7;32,7;27,2;33,5;32,7;31,8;33,5;33,5;31,8;;1;1;1;1;1;1;1;1;1;1;1;1;1;1;1;1;1;1;1;1;1;1;1;1;1;1;1;1;1;1;;
41230000;2;01/07/1946;;1;1;39,3;22,8;29,4;18;22;1;1;1;42,6;1;25,7;32,7;32,7;32,7;32,7;29,5;33,5;28,7;32,7;32,7;31;32,7;31,8;30,2;25,7;31,8;28,7;34,3;32,7;28,7;26,5;22,8;25,7;27,2;28,7;28,7;26,5;25,7;24,2;26,5;28,7;1;1;1;1;1;1;1;1;1;1;1;1;1;1;1;1;1;1;1;1;1;1;1;1;1;1;1;1;1;1;1;
41230000;2;01/08/1946;;1;1;32,7;22,8;27;2;5;1;1;1;42,6;1;28,7;29,5;29,5;28;22,8;27,2;28,7;28,7;29,5;25,7;24,2;22,8;29,5;28,7;28,7;24,2;28;26,5;24,2;25,7;28,7;28,7;28,7;28,7;26,5;22,8;27,2;26,5;25;26,5;25,7;1;1;1;1;1;1;1;1;1;1;1;1;1;1;1;1;1;1;1;1;1;1;1;1;1;1;1;1;1;1;1;
41230000;2;01/09/1946;;1;1;34,3;23,5;27,1;29;9;1;1;1;42,6;1;26,5;24,2;25,7;26,5;27,2;28,7;28,7;29,5;23,5;27,2;29,5;29,5;28;29,5;25,7;25,7;28;26,5;24,2;27,2;27,2;25;24,2;28;28,7;28,7;25,7;28,7;31;25;;1;1;1;1;1;1;1;1;1;1;1;1;1;1;1;1;1;1;1;1;1;1;1;1;1;1;1;1;1;1;;
41230000;2;01/10/1946;;1;1;71,4;22,8;28,7;11;7;1;1;1;42,6;1;28,7;25,7;27,2;25,7;25,7;25,7;22,8;28,7;29,5;27,2;52;29,5;25,7;25;33,5;27,2;28,7;29,5;28;27,2;28,7;32,7;25,7;31;34,3;28,7;27,2;25,7;28;27,2;26,5;1;1;1;1;1;1;1;1;1;1;1;1;1;1;1;1;1;1;1;1;1;1;1;1;1;1;1;1;1;1;1;
41230000;2;01/11/1946;;1;1;269;22,8;42,1;29;18;1;1;1;42,6;1;25,7;26,5;24,2;25,7;25,7;29,5;36,8;30,2;88,2;46,9;26,5;27,2;25,7;27,2;25,7;29,5;25,7;22,8;25;27,2;31;30,2;28,7;31;25,7;64,2;45;39,3;218;128;;1;1;1;1;1;1;1;1;1;1;1;1;1;1;1;1;1;1;1;1;1;1;1;1;1;1;1;1;1;1;;
41230000;2;01/12/1946;;1;1;120;25;43,2;8;16;1;1;1;42,6;1;63;45,9;42,1;44;42,1;36,8;42,1;99,6;71,4;58,3;42,1;33,5;32,7;31;25,7;25;29,5;33,5;32,7;32,7;31;28,7;27,2;26,5;41,2;46,9;36,8;56,2;57,3;72,7;50,9;1;1;1;1;1;1;1;1;1;1;1;1;1;1;1;1;1;1;1;1;1;1;1;1;1;1;1;1;1;1;1;
41230000;2;01/01/1947;;1;1;177;28,7;54,1;26;19;1;1;1;40,8;1;49,9;45;66,6;67,8;63;63;55,2;52;36,8;37,6;35,1;33,5;45,9;35,1;33,5;29,5;31,8;31,8;28,7;33,5;103;88,2;42,1;38,5;85,4;158;77,7;56,2;57,3;50,9;45,9;1;1;1;1;1;1;1;1;1;1;1;1;1;1;1;1;1;1;1;1;1;1;1;1;1;1;1;1;1;1;1;
41230000;2;01/02/1947;;1;1;177;26,5;45,8;21;10;1;1;1;40,8;1;36,8;34,3;34,3;34,3;36,8;33,5;33,5;28,7;28;26,5;31,8;37,6;33,5;31,8;32,7;46,9;42,1;32,7;33,5;99,6;155;86,8;66,6;47,8;47,8;52;37,6;40,2;;;;1;1;1;1;1;1;1;1;1;1;1;1;1;1;1;1;1;1;1;1;1;1;1;1;1;1;1;1;0;0;;
41230000;2;01/03/1947;;1;1;183;29,5;66,2;20;4;1;1;1;40,8;1;56,2;43,1;33,5;29,5;35,1;36,8;36,8;42,1;42,1;54,1;50,9;47,8;64,2;117;109;93,8;67,8;99,6;128;156;81,5;73,9;69;52;59,4;52;60,6;77,7;63;61,8;57,3;1;1;1;1;1;1;1;1;1;1;1;1;1;1;1;1;1;1;1;1;1;1;1;1;1;1;1;1;1;1;1;
41230000;2;01/04/1947;;1;1;73,9;34,3;41,6;13;28;1;1;1;40,8;1;50,9;48,8;48,8;48,8;45;43,1;36;43,1;41,2;43,1;45;41,2;61,8;39,3;40,2;39,3;39,3;40,2;39,3;37,6;36;36;39,3;38,5;45;38,5;35,1;34,3;38,5;35,1;;1;1;1;1;1;1;1;1;1;1;1;1;1;1;1;1;1;1;1;1;1;1;1;1;1;1;1;1;1;1;;
41230000;2;01/05/1947;;1;1;43,1;23,5;32,5;26;12;1;1;1;40,8;1;36;33,5;33,5;31,8;25,7;33,5;36;33,5;35,1;33,5;33,5;23,5;33,5;34,3;32,7;26,5;30,2;32,7;31,8;29,5;36,8;35,1;33,5;32,7;32,7;39,3;32,7;30,2;31,8;32,7;30,2;1;1;1;1;1;1;1;1;1;1;1;1;1;1;1;1;1;1;1;1;1;1;1;1;1;1;1;1;1;1;1;
41230000;2;01/06/1947;;1;1;37,6;22,8;28,4;8;9;1;1;1;40,8;1;29,5;23,5;29,5;30,2;29,5;25,7;29,5;33,5;22,8;28,7;30,2;29,5;33,5;28,7;28,7;22,8;29,5;29,5;29,5;28,7;30,2;27,2;23,5;28,7;29,5;30,2;30,2;28;27,2;22,8;;1;1;1;1;1;1;1;1;1;1;1;1;1;1;1;1;1;1;1;1;1;1;1;1;1;1;1;1;1;1;;
41230000;2;01/07/1947;;1;1;36;21,5;27,1;10;7;1;1;1;40,8;1;24,2;22,8;28,7;28,7;28,7;28,7;21,5;26,5;29,5;32,7;31;29,5;28,7;25;23,5;28;27,2;30,2;28;27,2;21,5;28;28,7;28;31;28,7;25,7;22,2;22,8;25;28,7;1;1;1;1;1;1;1;1;1;1;1;1;1;1;1;1;1;1;1;1;1;1;1;1;1;1;1;1;1;1;1;
41230000;2;01/08/1947;;1;1;50,9;19,5;26,5;30;25;1;1;1;40,8;1;25;25;25,7;24,2;25;24,2;25,7;25,7;28;25,7;21,5;28,7;28,7;28,7;25;21,5;25,7;20,8;25,7;24,2;25,7;25,7;25,7;24,2;19,5;26,5;26,5;28,7;38,5;45;30,2;1;1;1;1;1;1;1;1;1;1;1;1;1;1;1;1;1;1;1;1;1;1;1;1;1;1;1;1;1;1;1;
41230000;2;01/09/1947;;1;1;37,6;20,1;27;16;1;1;1;1;40,8;1;20,1;28,7;30,2;27,2;28,7;29,5;29,5;24,2;25,7;27,2;28;30,2;25;25,7;21,5;33,5;32,7;28,7;25,7;28;25,7;21,5;22,8;28,7;30,2;28,7;27,2;26,5;22,2;25,7;;1;1;1;1;1;1;1;1;1;1;1;1;1;1;1;1;1;1;1;1;1;1;1;1;1;1;1;1;1;1;;
41230000;2;01/10/1947;;1;1;55,2;20,1;27;25;27;1;1;1;40,8;1;25;26,5;28,7;26,5;26,5;22,8;28;29,5;28,7;30,2;30,2;28;21,5;26,5;25,7;26,5;25,7;25,7;31,8;22,8;25;26,5;25,7;30,2;43,1;30,2;20,1;22,2;25,7;28;25;1;1;1;1;1;1;1;1;1;1;1;1;1;1;1;1;1;1;1;1;1;1;1;1;1;1;1;1;1;1;1;
41230000;2;01/11/1947;;1;1;43,1;23,5;28,6;26;23;1;1;1;40,8;1;28,7;35,1;26,5;31,8;28,7;28,7;25,7;28,7;26,5;28,7;35,1;28,7;28,7;27,2;26,5;28;24,2;28,7;25,7;25,7;25,7;25;23,5;24,2;26,5;37,6;37,6;29,5;31;28,7;;1;1;1;1;1;1;1;1;1;1;1;1;1;1;1;1;1;1;1;1;1;1;1;1;1;1;1;1;1;1;;
41230000;2;01/12/1947;;1;1;910;24,2;84,6;30;1;1;1;1;40,8;1;24,2;27,2;52;36;30,2;27,2;28;25,7;26,5;42,1;45;36,8;43,1;37,6;88,2;60,6;67,8;58,3;59,4;44;36,8;27,2;41,2;36;44;48,8;52;224;283;832;138;1;1;1;1;1;1;1;1;1;1;1;1;1;1;1;1;1;1;1;1;1;1;1;1;1;1;1;1;1;1;1;
41230000;2;01/01/1948;;1;1;92,4;33,5;46,3;1;27;1;1;1;42,8;1;86,8;70,2;52;52;56,2;47,8;43,1;46,9;42,1;40,2;47,8;47,8;48,8;73,9;65,4;55,2;52;39,3;36,8;36,8;36,8;36,8;36;36,8;36;41,2;33,5;33,5;36,8;33,5;33,5;1;1;1;1;1;1;1;1;1;1;1;1;1;1;1;1;1;1;1;1;1;1;1;1;1;1;1;1;1;1;1;
41230000;2;01/02/1948;;1;1;146;28;55,8;21;9;1;1;1;42,8;1;30,2;34,3;67,8;38,5;34,3;36,8;36,8;32,7;28;37,6;33,5;36,8;36,8;70,2;80,2;98;79;64,2;67,8;59,4;128;66,6;54,1;52;47,8;46,9;45,9;49,9;124;;;1;1;1;1;1;1;1;1;1;1;1;1;1;1;1;1;1;1;1;1;1;1;1;1;1;1;1;1;1;0;;
41230000;2;01/03/1948;;1;1;509;37,6;57,2;13;8;1;1;1;42,8;1;75,2;53;45,9;45,9;45,9;43,1;43,1;37,6;40,2;39,3;38,5;41,2;255;133;67,8;57,3;58,3;50,9;50,9;49,9;46,9;45;45,9;45,9;45;38,5;45,9;47,8;45;50,9;44;1;1;1;1;1;1;1;1;1;1;1;1;1;1;1;1;1;1;1;1;1;1;1;1;1;1;1;1;1;1;1;
41230000;2;01/04/1948;;1;1;46,9;27,2;35,4;1;19;1;1;1;42,8;1;42,1;40,2;38,5;36,8;36,8;40,2;40,2;36,8;36,8;37,6;36,8;33,5;36,8;34,3;35,1;34,3;35,1;33,5;27,2;36;36;28,7;33,5;32,7;35,1;33,5;32,7;33,5;33,5;33,5;;1;1;1;1;1;1;1;1;1;1;1;1;1;1;1;1;1;1;1;1;1;1;1;1;1;1;1;1;1;1;;
41230000;2;01/05/1948;;1;1;37,6;22,2;29,7;12;10;1;1;1;42,8;1;31,8;28,7;22,8;28,7;31,8;31,8;28,7;32,7;30,2;22,2;32,7;33,5;33,5;31,8;33,5;28,7;24,2;31,8;32,7;31,8;31,8;33,5;30,2;23,5;29,5;31;30,2;23,5;30,2;30,2;24,2;1;1;1;1;1;1;1;1;1;1;1;1;1;1;1;1;1;1;1;1;1;1;1;1;1;1;1;1;1;1;1;
41230000;2;01/06/1948;;1;1;43,1;22,8;29,6;4;21;1;1;1;42,8;1;30,2;32,7;34,3;36;31,8;31,8;25;31,8;30,2;30,2;30,2;30,2;29,5;24,2;29,5;30,2;31;30,2;30,2;27,2;22,8;28,7;29,5;30,2;29,5;31;28;22,8;31,8;28;;1;1;1;1;1;1;1;1;1;1;1;1;1;1;1;1;1;1;1;1;1;1;1;1;1;1;1;1;1;1;;
41230000;2;01/07/1948;;1;1;34,3;20,8;27;1;5;1;1;1;42,8;1;29,5;28;28,7;25,7;20,8;27,2;28;28,7;28,7;28,7;26,5;22,8;28;26,5;26,5;28;28,7;22,2;28;26,5;28;28,7;28,7;28,7;26,5;20,8;27,2;27,2;28;27,2;27,2;1;1;1;1;1;1;1;1;1;1;1;1;1;1;1;1;1;1;1;1;1;1;1;1;1;1;1;1;1;1;1;
41230000;2;01/08/1948;;1;1;29,5;18,8;24,1;10;23;1;1;1;42,8;1;23,5;20,1;24,2;24,2;25,7;22,8;25,7;22,2;20,1;26,5;25,7;25,7;25;24,2;22,8;21,5;25;26,5;26,5;25,7;25,7;22,2;18,8;26,5;26,5;25;25,7;25,7;24,2;19,5;24,2;1;1;1;1;1;1;1;1;1;1;1;1;1;1;1;1;1;1;1;1;1;1;1;1;1;1;1;1;1;1;1;
41230000;2;01/09/1948;;1;1;32,7;17,5;23;29;6;1;1;1;42,8;1;24,2;25,7;25,7;24,2;21,5;17,5;22,2;17,5;22,8;23,5;22,2;22,2;18,8;25,7;24,2;24,2;24,2;22,2;22,8;20,1;23,5;24,2;26,5;25,7;25;21,5;17,5;21,5;27,2;25,7;;1;1;1;1;1;1;1;1;1;1;1;1;1;1;1;1;1;1;1;1;1;1;1;1;1;1;1;1;1;1;;
41230000;2;01/10/1948;;1;1;57,3;17,5;23,4;15;4;1;1;1;42,8;1;25;25,7;19,5;17,5;24,2;22,8;32,7;22,2;22,2;20,8;20,1;23,5;25;34,3;44;28;22,2;18,8;20,8;20,8;25,7;22,2;20,8;21,5;17,5;22,2;25;22,8;21,5;17,5;18,8;1;1;1;1;1;1;1;1;1;1;1;1;1;1;1;1;1;1;1;1;1;1;1;1;1;1;1;1;1;1;1;
41230000;2;01/11/1948;;1;1;95,2;18,1;33;27;3;1;1;1;42,8;1;18,8;18,8;18,1;18,8;32,7;28;20,8;27,2;33,5;28;23,5;35,1;52;32,7;24,2;22,2;32,7;40,2;28,7;35,1;67,8;49,9;33,5;20,8;28,7;25,7;82,7;54,1;28;28,7;;1;1;1;1;1;1;1;1;1;1;1;1;1;1;1;1;1;1;1;1;1;1;1;1;1;1;1;1;1;1;;
41230000;2;01/12/1948;;1;1;1278;23,5;129;19;6;1;1;1;42,8;1;26,5;25;25;29,5;33,5;23,5;37,6;37,6;36,8;350;199;82,7;86,8;189;116;175;214;212;792;177;114;88,2;81,5;73,9;70,2;81,5;158;93,8;160;106;104;1;1;1;1;1;1;1;1;1;1;1;1;1;1;1;1;1;1;1;1;1;1;1;1;1;1;1;1;1;1;1;
41230000;2;01/01/1949;;1;1;1350;46,9;222;28;7;1;1;1;64,1;1;75,2;76,4;71,4;55,2;59,4;47,8;46,9;48,8;95,2;67,8;82,7;53;80,2;165;108;67,8;82,7;138;269;189;172;197;153;140;130;195;275;1350;1296;632;450;1;1;1;1;1;1;1;1;1;1;1;1;1;1;1;1;1;1;1;1;1;1;1;1;1;1;1;1;1;1;1;
41230000;2;01/02/1949;;1;1;527;91;182;1;16;1;1;1;64,1;1;458;247;235;273;153;140;127;158;443;180;140;120;124;120;95,2;91;185;265;138;175;160;168;146;148;255;138;99,6;109;;;;1;1;1;1;1;1;1;1;1;1;1;1;1;1;1;1;1;1;1;1;1;1;1;1;1;1;1;1;0;0;;
41230000;2;01/03/1949;;1;1;111;43,1;63,6;2;31;1;1;1;64,1;1;93,8;96,6;80,2;91;77,7;88,2;93,8;77,7;61,8;79;77,7;64,2;63;60,6;55,2;56,2;58,3;58,3;63;50,9;49,9;47,8;46,9;45;50,9;46,9;45;46,9;53;47,8;43,1;1;1;1;1;1;1;1;1;1;1;1;1;1;1;1;1;1;1;1;1;1;1;1;1;1;1;1;1;1;1;1;
41230000;2;01/04/1949;;1;1;111;34,3;44,6;1;16;1;1;1;64,1;1;75,2;57,3;75,2;58,3;45;46,9;50,9;46,9;46,9;46,9;47,8;45;43,1;42,1;43,1;34,3;36;36,8;39,3;37,6;36,8;37,6;40,2;42,1;37,6;40,2;38,5;37,6;36,8;36,8;;1;1;1;1;1;1;1;1;1;1;1;1;1;1;1;1;1;1;1;1;1;1;1;1;1;1;1;1;1;1;;
41230000;2;01/05/1949;;1;1;41,2;28;33,4;5;30;1;1;1;64,1;1;36;35,1;35,1;36;37,6;36;35,1;33,5;34,3;36;33,5;37,6;36;34,3;33,5;29,5;31;33,5;34,3;32,7;31,8;31;31;31,8;31,8;31,8;31,8;34,3;30,2;28;31;1;1;1;1;1;1;1;1;1;1;1;1;1;1;1;1;1;1;1;1;1;1;1;1;1;1;1;1;1;1;1;
41230000;2;01/06/1949;;1;1;57,3;26,5;31,8;7;20;1;1;1;64,1;1;30,2;29,5;32,7;32,7;31;28,7;53;48,8;32,7;31,8;29,5;29,5;32,7;31,8;33,5;33,5;29,5;31;29,5;26,5;34,3;31;29,5;28,7;28,7;28,7;26,5;29,5;30,2;28;;1;1;1;1;1;1;1;1;1;1;1;1;1;1;1;1;1;1;1;1;1;1;1;1;1;1;1;1;1;1;;
41230000;2;01/07/1949;;1;1;34,3;23,5;28,2;5;18;1;1;1;64,1;1;28,7;29,5;28,7;28,7;31;27,2;28,7;30,2;30,2;28;26,5;29,5;29,5;28,7;28;28;26,5;23,5;29,5;28,7;29,5;28;28,7;28;23,5;26,5;28;29,5;28;29,5;26,5;1;1;1;1;1;1;1;1;1;1;1;1;1;1;1;1;1;1;1;1;1;1;1;1;1;1;1;1;1;1;1;
41230000;2;01/08/1949;;1;1;34,3;20,1;26,6;18;29;1;1;1;64,1;1;29,5;26,5;29,5;26,5;25,7;25,7;24,2;27,2;24,2;26,5;28;27,2;29,5;25;25;28;26,5;31;29,5;28;25;20,8;23,5;26,5;28;26,5;28;26,5;20,1;29,5;28;1;1;1;1;1;1;1;1;1;1;1;1;1;1;1;1;1;1;1;1;1;1;1;1;1;1;1;1;1;1;1;
41230000;2;01/09/1949;;1;1;32,7;19,5;25,4;17;12;1;1;1;64,1;1;28,7;26,5;25;22,2;20,1;28;26,5;21,5;27,2;28;25,7;19,5;25,7;25;26,5;28;29,5;26,5;25,7;27,2;29,5;25,7;24,2;26,5;23,5;20,1;22,2;25;25,7;25,7;;1;1;1;1;1;1;1;1;1;1;1;1;1;1;1;1;1;1;1;1;1;1;1;1;1;1;1;1;1;1;;
41230000;2;01/10/1949;;1;1;86,8;12,4;28,5;26;10;1;1;1;64,1;1;28;26,5;16,2;25;24,2;26,5;28;28,7;24,2;12,4;23,5;26,5;28,7;35,1;38,5;24,2;19,5;28,7;28,7;28;26,5;28,7;26,5;20,1;36,8;63;39,3;31;38,5;31;20,1;1;1;1;1;1;1;1;1;1;1;1;1;1;1;1;1;1;1;1;1;1;1;1;1;1;1;1;1;1;1;1;
41230000;2;01/11/1949;;1;1;71,4;18,1;29,6;10;7;1;1;1;64,1;1;26,5;22,8;25;29,5;50,9;28;18,1;28,7;28;58,3;58,3;53;29,5;22,2;28;20,1;25,7;24,2;29,5;25,7;18,1;25,7;36,8;37,6;25,7;23,5;22,8;18,8;22,2;23,5;;1;1;1;1;1;1;1;1;1;1;1;1;1;1;1;1;1;1;1;1;1;1;1;1;1;1;1;1;1;1;;
41230000;2;01/12/1949;;1;1;170;25;54,3;18;1;1;1;1;64,1;1;25;25;31;28;28,7;26,5;25;26,5;56,2;39,3;28,7;25,7;70,2;71,4;79;71,4;86,8;138;116;72,7;46,9;43,1;103;71,4;82,7;61,8;42,1;39,3;38,5;34,3;47,8;1;1;1;1;1;1;1;1;1;1;1;1;1;1;1;1;1;1;1;1;1;1;1;1;1;1;1;1;1;1;1;
41230000;2;01/01/1950;;1;1;166;22,2;42,7;26;16;1;1;1;33,1;1;34,3;31,8;31,8;37,6;33,5;45,9;35,1;29,5;25,7;25,7;28;29,5;28,7;43,1;27,2;22,2;28,7;25,7;25;26,5;28;45;34,3;44;37,6;128;75,2;103;73,9;61,8;77,7;1;1;1;1;1;1;1;1;1;1;1;1;1;1;1;1;1;1;1;1;1;1;1;1;1;1;1;1;1;1;1;
41230000;2;01/02/1950;;1;1;160;27,2;44,3;10;27;1;1;1;33,1;1;53;42,1;36,8;45,9;45,9;55,2;66,6;46,9;41,2;120;65,4;49,9;67,8;36;37,6;34,3;31;29,5;29,5;31,8;53;45,9;31;29,5;31;29,5;27,2;28;;;;1;1;1;1;1;1;1;1;1;1;1;1;1;1;1;1;1;1;1;1;1;1;1;1;1;1;1;1;0;0;;
41230000;2;01/03/1950;;1;1;245;23,5;39;22;9;1;1;1;33,1;1;28;26,5;26,5;28;25;25;25;25,7;23,5;25,7;25,7;23,5;40,2;41,2;34,3;28,7;29,5;44;32,7;41,2;36;177;67,8;60,6;50,9;39,3;43,1;37,6;34,3;31;31,8;1;1;1;1;1;1;1;1;1;1;1;1;1;1;1;1;1;1;1;1;1;1;1;1;1;1;1;1;1;1;1;
41230000;2;01/04/1950;;1;1;45;26,5;31,7;15;8;1;1;1;33,1;1;31;32,7;28;39,3;36,8;34,3;28;26,5;31;26,5;31;32,7;29,5;36,8;41,2;32,7;29,5;31,8;31,8;32,7;31;29,5;29,5;28;29,5;28,7;29,5;31,8;32,7;37,6;;1;1;1;1;1;1;1;1;1;1;1;1;1;1;1;1;1;1;1;1;1;1;1;1;1;1;1;1;1;1;;
41230000;2;01/05/1950;;1;1;36;20,1;28,3;25;29;1;1;1;33,1;1;29,5;26,5;29,5;30,2;28,7;30,2;29,5;26,5;28;30,2;31;29,5;30,2;26,5;23,5;29,5;31;30,2;25;29,5;28;20,8;28,7;30,2;32,7;28,7;28,7;28;20,1;29,5;28;1;1;1;1;1;1;1;1;1;1;1;1;1;1;1;1;1;1;1;1;1;1;1;1;1;1;1;1;1;1;1;
41230000;2;01/06/1950;;1;1;36;20,1;26,7;11;5;1;1;1;33,1;1;28;28;27,2;26,5;20,1;26,5;28,7;27,2;22,2;28,7;31,8;22,8;28,7;27,2;27,2;28;25,7;25;22,2;25,7;25,7;24,2;28,7;26,5;25;27,2;26,5;29,5;28;31;;1;1;1;1;1;1;1;1;1;1;1;1;1;1;1;1;1;1;1;1;1;1;1;1;1;1;1;1;1;1;;
41230000;2;01/07/1950;;1;1;34,3;20,1;25;11;10;1;1;1;33,1;1;29,5;24,2;22,2;25;27,2;29,5;28;26,5;23,5;20,1;31;26,5;23,5;24,2;26,5;23,5;20,1;24,2;22,8;26,5;25,7;21,5;23,5;23,5;25;23,5;26,5;26,5;25;23,5;25,7;1;1;1;1;1;1;1;1;1;1;1;1;1;1;1;1;1;1;1;1;1;1;1;1;1;1;1;1;1;1;1;
41230000;2;01/08/1950;;1;1;31;16,2;23,2;1;28;1;1;1;33,1;1;28;25;22,8;25,7;24,2;23,5;17,5;22,8;24,2;23,5;27,2;25;23,5;25;22,8;17,5;22,2;23,5;23,5;22,8;20,1;22,8;24,2;24,2;25,7;26,5;22,2;16,2;21,5;22,8;22,2;1;1;1;1;1;1;1;1;1;1;1;1;1;1;1;1;1;1;1;1;1;1;1;1;1;1;1;1;1;1;1;
41230000;2;01/09/1950;;1;1;41,2;15,5;25,6;24;4;1;1;1;33,1;1;25,7;24,2;25;15,5;23,5;27,2;31,8;30,2;25,7;24,2;24,2;25;25,7;25;25;25;22,2;16,8;22,2;24,2;25;23,5;29,5;37,6;26,5;34,3;28;26,5;24,2;23,5;;1;1;1;1;1;1;1;1;1;1;1;1;1;1;1;1;1;1;1;1;1;1;1;1;1;1;1;1;1;1;;
41230000;2;01/10/1950;;1;1;53;14,9;24,1;15;23;1;1;1;33,1;1;24,2;18,8;21,5;17,5;23,5;25,7;29,5;25;17,5;23,5;23,5;22,8;22,2;23,5;48,8;20,8;22,2;25;22,8;23,5;25;23,5;14,9;22,8;42,1;23,5;23,5;24,2;20,1;17,5;29,5;1;1;1;1;1;1;1;1;1;1;1;1;1;1;1;1;1;1;1;1;1;1;1;1;1;1;1;1;1;1;1;
41230000;2;01/11/1950;;1;1;136;18,8;40;19;3;1;1;1;33,1;1;33,5;19,5;18,8;22,2;26,5;20,8;25;29,5;36,8;44;37,6;28,7;23,5;31;28,7;25,7;35,1;88,2;111;75,2;99,6;43,1;37,6;33,5;34,3;31;28;36;30,2;65,4;;1;1;1;1;1;1;1;1;1;1;1;1;1;1;1;1;1;1;1;1;1;1;1;1;1;1;1;1;1;1;;
41230000;2;01/12/1950;;1;1;180;22,2;46,2;17;11;1;1;1;33,1;1;50,9;60,6;42,1;28;29,5;34,3;37,6;29,5;31;26,5;22,2;26,5;34,3;63;57,3;63;144;65,4;60,6;65,4;81,5;72,7;52;43,1;34,3;35,1;29,5;28,7;28;29,5;27,2;1;1;1;1;1;1;1;1;1;1;1;1;1;1;1;1;1;1;1;1;1;1;1;1;1;1;1;1;1;1;1;
41230000;2;01/01/1951;;1;1;249;24,2;46,6;25;2;1;1;1;44,8;1;26,5;24,2;30,2;28;27,2;26,5;25,7;49,9;47,8;47,8;69;95,2;56,2;37,6;28;31,8;35,1;30,2;33,5;36;33,5;37,6;70,2;46,9;209;63;48,8;39,3;40,2;36,8;34,3;1;1;1;1;1;1;1;1;1;1;1;1;1;1;1;1;1;1;1;1;1;1;1;1;1;1;1;1;1;1;1;
41230000;2;01/02/1951;;1;1;180;25;64,8;11;7;1;1;1;44,8;1;31,8;33,5;33,5;29,5;31;30,2;25;37,6;56,2;109;170;140;91;84;60,6;61,8;101;71,4;73,9;64,2;98;63;64,2;52;71,4;45,9;45;40,2;;;;1;1;1;1;1;1;1;1;1;1;1;1;1;1;1;1;1;1;1;1;1;1;1;1;1;1;1;1;0;0;;
41230000;2;01/03/1951;;1;1;998;34,3;91,8;29;5;1;1;1;44,8;1;52;40,2;39,3;55,2;34,3;36,8;54,1;55,2;50,9;135;42,1;92,4;45,9;52;41,2;37,6;36,8;36;47,8;53;54,1;35,1;41,2;36,8;39,3;80,2;77,7;245;756;309;134;1;1;1;1;1;1;1;1;1;1;1;1;1;1;1;1;1;1;1;1;1;1;1;1;1;1;1;1;1;1;1;
41230000;2;01/04/1951;;1;1;107;46,1;60,3;1;30;1;1;1;44,8;1;102;88;67,4;77,4;78,5;73,9;69,5;66,3;63,2;62,2;55,3;59,1;54,3;57,2;89,2;52,4;56,3;52,4;52,4;51,5;47,9;47;49,6;47,9;48,8;49,6;47;49,6;47;46,1;;1;1;1;1;1;1;1;1;1;1;1;1;1;1;1;1;1;1;1;1;1;1;1;1;1;1;1;1;1;1;;
41230000;2;01/05/1951;;1;1;50,5;30,8;42,4;3;28;1;1;1;44,8;1;45,3;43,5;47;41,8;47;45,3;38,4;45,3;45,3;39,2;45,3;44,4;43,5;38,4;43,5;45,3;47;45,3;43,5;43,5;38,4;36,7;41,8;43,5;41,8;43,5;38,4;30,8;41,8;40,9;40,1;1;1;1;1;1;1;1;1;1;1;1;1;1;1;1;1;1;1;1;1;1;1;1;1;1;1;1;1;1;1;1;
41230000;2;01/06/1951;;1;1;47;29,1;37,7;1;4;1;1;1;44,8;1;41,8;40,9;39,2;29,1;41,8;38,4;40,1;39,2;38,4;38,4;29,1;40,1;38,4;39,2;38,4;40,1;38,4;29,1;38,4;39,2;39,2;38,4;40,1;35,8;29,1;36,7;38,4;36,7;37,5;41,8;;1;1;1;1;1;1;1;1;1;1;1;1;1;1;1;1;1;1;1;1;1;1;1;1;1;1;1;1;1;1;;
41230000;2;01/07/1951;;1;1;41,8;25,8;34,9;4;23;1;1;1;44,8;1;36,7;31,6;30;38,4;36,7;35;36,7;36,7;31,6;36,7;35;38,4;36,7;38,4;36,7;27,5;35,8;36,7;35,8;38,4;35,8;33,3;25,8;35;35,8;36,7;37,5;36,7;35,8;25,8;35;1;1;1;1;1;1;1;1;1;1;1;1;1;1;1;1;1;1;1;1;1;1;1;1;1;1;1;1;1;1;1;
41230000;2;01/08/1951;;1;1;41,8;19,4;33,6;31;13;1;1;1;44,8;1;36,7;36,7;35;33,3;33,3;25,8;35;35;33,3;32,5;32,5;34,1;19,4;33,3;35;33,3;35;34,1;32,5;27,5;35;36,7;36,7;35,8;37,5;35,8;26,7;35;36,7;35;38,4;1;1;1;1;1;1;1;1;1;1;1;1;1;1;1;1;1;1;1;1;1;1;1;1;1;1;1;1;1;1;1;
41230000;2;01/09/1951;;1;1;43,5;25,8;33,8;1;17;1;1;1;44,8;1;38,4;36,7;32,5;33,3;35;35;36,7;35;33,3;26,7;33,3;35,8;35;36,7;35,8;34,1;25,8;33,3;29,1;37,5;35;35;35,8;25,8;34,1;34,1;33,3;33,3;35;33,3;;1;1;1;1;1;1;1;1;1;1;1;1;1;1;1;1;1;1;1;1;1;1;1;1;1;1;1;1;1;1;;
41230000;2;01/10/1951;;1;1;45,3;22,6;32,8;12;29;1;1;1;44,8;1;32,5;34,1;35;35;35;35;33,3;25;30,8;36,7;35;39,2;35,8;33,3;23,4;32,5;35;35;34,1;34,1;30;28,3;35,8;35;33,3;31,6;35;31,6;22,6;33,3;31,6;1;1;1;1;1;1;1;1;1;1;1;1;1;1;1;1;1;1;1;1;1;1;1;1;1;1;1;1;1;1;1;
41230000;2;01/11/1951;;1;1;36,7;16,3;27,2;1;19;1;1;1;44,8;1;32,5;29,1;27,5;30;20,2;32,5;32,5;30,8;30;30;28,3;17,8;25,8;29,1;29,1;17,8;29,1;25,8;16,3;25,8;28,3;30;30;29,1;25,8;25;28,3;25;29,1;26,7;;1;1;1;1;1;1;1;1;1;1;1;1;1;1;1;1;1;1;1;1;1;1;1;1;1;1;1;1;1;1;;
41230000;2;01/12/1951;;1;1;68,4;18,6;31,5;27;3;1;1;1;44,8;1;29,1;25,8;18,6;25,8;30,8;30;24,2;30;28,3;26,7;55,3;40,9;35,8;28,3;27,5;25,8;25,8;27,5;28,3;27,5;25,8;25;26,7;25,8;34,1;30,8;58,2;43,5;33,3;44,4;35,8;1;1;1;1;1;1;1;1;1;1;1;1;1;1;1;1;1;1;1;1;1;1;1;1;1;1;1;1;1;1;1;
41230000;2;01/01/1952;;1;1;124;25,8;48,6;27;7;1;1;1;43;1;38,4;35,8;39,2;41,8;38,4;30;25,8;29,1;46,1;43,5;33,3;36,7;53,4;53,4;70,5;47;55,3;43,5;46,1;44,4;46,1;43,5;56,3;43,5;42,7;76,2;101;90,4;61,1;51,5;41,8;1;1;1;1;1;1;1;1;1;1;1;1;1;1;1;1;1;1;1;1;1;1;1;1;1;1;1;1;1;1;1;
41230000;2;01/02/1952;;1;1;128;40,1;73,8;4;27;1;1;1;43;1;76,2;108;83,2;128;66,3;65,3;66,3;60,1;106;103;84,4;70,5;73,9;84,4;80,8;91,6;101;66,3;108;85,6;64,3;54,3;48,8;45,3;44,4;41,8;40,1;43,5;47,9;;;1;1;1;1;1;1;1;1;1;1;1;1;1;1;1;1;1;1;1;1;1;1;1;1;1;1;1;1;1;0;;
41230000;2;01/03/1952;;1;1;197;47,9;77,9;4;24;1;1;1;43;1;51,5;49,6;89,2;186;143;90,4;83,2;83,2;63,2;61,1;65,3;64,3;107;164;99,2;77,4;67,4;60,1;56,3;53,4;58,2;52,4;48,8;47,9;71,6;104;59,1;51,5;61,1;97,9;47,9;1;1;1;1;1;1;1;1;1;1;1;1;1;1;1;1;1;1;1;1;1;1;1;1;1;1;1;1;1;1;1;
41230000;2;01/04/1952;;1;1;70,5;36,7;43,6;14;28;1;1;1;43;1;52,4;49,6;46,1;47;47,9;47;47;47;44,4;42,7;39,2;41,8;41,8;58,2;42,7;42,7;44,4;42,7;45,3;43,5;37,5;38,4;40,1;42,7;41,8;40,9;38,4;36,7;40,1;39,2;;1;1;1;1;1;1;1;1;1;1;1;1;1;1;1;1;1;1;1;1;1;1;1;1;1;1;1;1;1;1;;
41230000;2;01/05/1952;;1;1;41,8;28,3;34,4;7;26;1;1;1;43;1;36,7;33,3;37,5;36,7;30,8;36,7;38,4;36,7;38,4;36,7;35,8;30,8;33,3;35;36,7;35;35;33,3;30,8;31,6;34,1;35;29,1;33,3;33,3;28,3;34,1;35;36,7;35;34,1;1;1;1;1;1;1;1;1;1;1;1;1;1;1;1;1;1;1;1;1;1;1;1;1;1;1;1;1;1;1;1;
41230000;2;01/06/1952;;1;1;41,8;25;32,3;12;23;1;1;1;43;1;30;29,1;33,3;35;33,3;35,8;33,3;33,3;30;30,8;34,1;38,4;33,3;36,7;33,3;29,1;36,7;34,1;36,7;34,1;34,1;31,6;25;30;30;30,8;28,3;31,6;31,6;26,7;;1;1;1;1;1;1;1;1;1;1;1;1;1;1;1;1;1;1;1;1;1;1;1;1;1;1;1;1;1;1;;
41230000;2;01/07/1952;;1;1;35;24,2;29,4;2;21;1;1;1;43;1;30;31,6;30;30,8;30;30;25,8;30;31,6;31,6;30,8;31,6;30;25;29,1;30;30;30;30;28,3;24,2;29,1;30;28,3;30;30,8;27,5;24,2;30;30;30;1;1;1;1;1;1;1;1;1;1;1;1;1;1;1;1;1;1;1;1;1;1;1;1;1;1;1;1;1;1;1;
41230000;2;01/08/1952;;1;1;33,3;20,2;29,1;21;25;1;1;1;43;1;31,6;31,6;30,8;23,4;28,3;29,1;30;31,6;31,6;31,6;26,7;30;31,6;31,6;31,6;21;26,7;22,6;27,5;31,6;32,5;30;30;30;20,2;24,2;30;30,8;31,6;30,8;30;1;1;1;1;1;1;1;1;1;1;1;1;1;1;1;1;1;1;1;1;1;1;1;1;1;1;1;1;1;1;1;
41230000;2;01/09/1952;;1;1;33,3;17;25,8;19;22;1;1;1;43;1;22,6;27,5;30,8;25,8;25,8;30;26,7;19,4;24,2;28,3;28,3;26,7;25;21,8;20,2;23,4;25,8;28,3;31,6;30;28,3;17;23,4;25;23,4;30,8;29,1;27,5;25,8;22,6;;1;1;1;1;1;1;1;1;1;1;1;1;1;1;1;1;1;1;1;1;1;1;1;1;1;1;1;1;1;1;;
41230000;2;01/10/1952;;1;1;132;17,8;35,9;25;20;1;1;1;43;1;25,8;25,8;25;47;39,2;30,8;28,3;27,5;29,1;29,1;27,5;26,7;22,6;26,7;29,1;26,7;25,8;25,8;23,4;17,8;24,2;26,7;29,1;26,7;122;102;80,8;48,8;33,3;29,1;30;1;1;1;1;1;1;1;1;1;1;1;1;1;1;1;1;1;1;1;1;1;1;1;1;1;1;1;1;1;1;1;
41230000;2;01/11/1952;;1;1;89,2;26,7;39,8;12;1;1;1;1;43;1;26,7;49,6;35;35;30,8;41,8;47,9;57,2;35,8;31,6;59,1;67,4;49,6;35,8;66,3;37,5;30;31,6;34,1;40,1;41,8;40,9;34,1;33,3;31,6;31,6;35;40,1;30;31,6;;1;1;1;1;1;1;1;1;1;1;1;1;1;1;1;1;1;1;1;1;1;1;1;1;1;1;1;1;1;1;;
41230000;2;01/12/1952;;1;1;159;28,3;45,9;13;1;1;1;1;43;1;28,3;36,7;33,3;30;65,3;38,4;38,4;30;31,6;31,6;32,5;80,8;146;61,1;45,3;38,4;41,8;36,7;34,1;37,5;43,5;85,6;65,3;57,2;41,8;30;35;41,8;35;34,1;36,7;1;1;1;1;1;1;1;1;1;1;1;1;1;1;1;1;1;1;1;1;1;1;1;1;1;1;1;1;1;1;1;
41230000;2;01/01/1953;;1;1;43,5;25,8;31,7;29;12;1;1;1;34;1;38,4;35,8;37,5;30,8;38,4;30,8;30;33,3;30,8;33,3;30,8;25,8;31,6;30;30;31,6;30;30,8;30;32,5;27,5;28,3;28,3;28,3;26,7;28,3;34,1;36,7;40,9;31,6;30;1;1;1;1;1;1;1;1;1;1;1;1;1;1;1;1;1;1;1;1;1;1;1;1;1;1;1;1;1;1;1;
41230000;2;01/02/1953;;1;1;184;21;48,8;16;2;1;1;1;34;1;27,5;21;25,8;85,6;44,4;83,2;42,7;33,3;30,8;31,6;31,6;35;30;51,5;41,8;167;67,4;53,4;54,3;38,4;36,7;35;33,3;76,2;67,4;43,5;42,7;34,1;;;;1;1;1;1;1;1;1;1;1;1;1;1;1;1;1;1;1;1;1;1;1;1;1;1;1;1;1;1;0;0;;
41230000;2;01/03/1953;;1;1;118;27,5;42,2;24;9;1;1;1;34;1;42,7;36,7;32,5;33,3;34,1;31,6;31,6;28,3;27,5;43,5;43,5;61,1;40,1;38,4;39,2;28,3;36,7;41,8;36,7;35;50,5;40,1;31,6;97,9;44,4;63,2;54,3;69,5;45,3;36,7;33,3;1;1;1;1;1;1;1;1;1;1;1;1;1;1;1;1;1;1;1;1;1;1;1;1;1;1;1;1;1;1;1;
41230000;2;01/04/1953;;1;1;99,2;30;39,7;9;4;1;1;1;34;1;38,4;36,7;31,6;30;30,8;54,3;42,7;45,3;90,4;44,4;45,3;40,1;38,4;41,8;40,1;38,4;37,5;40,9;36,7;36,7;35;35;38,4;36,7;36,7;35;31,6;33,3;34,1;33,3;;1;1;1;1;1;1;1;1;1;1;1;1;1;1;1;1;1;1;1;1;1;1;1;1;1;1;1;1;1;1;;
41230000;2;01/05/1953;;1;1;41,8;25;31,1;6;25;1;1;1;34;1;35;30;32,5;27,5;30,8;38,4;33,3;33,3;31,6;30;27,5;31,6;31,6;33,3;29,1;30;30;31,6;33,3;31,6;30;31,6;31,6;30;25;31,6;30;30;31,6;30;30;1;1;1;1;1;1;1;1;1;1;1;1;1;1;1;1;1;1;1;1;1;1;1;1;1;1;1;1;1;1;1;
41230000;2;01/06/1953;;1;1;36,7;21;28,1;11;15;1;1;1;34;1;22,6;29,1;30;30;22,6;28,3;28,3;22,6;28,3;30;34,1;31,6;30;28,3;21;25,8;32,5;30;28,3;30;30;22,6;29,1;28,3;29,1;32,5;30,8;28,3;22,6;26,7;;1;1;1;1;1;1;1;1;1;1;1;1;1;1;1;1;1;1;1;1;1;1;1;1;1;1;1;1;1;1;;
41230000;2;01/07/1953;;1;1;31,6;17,8;24,9;2;27;1;1;1;34;1;25,8;29,1;29,1;29,1;25,8;21,8;25,8;25;26,7;25;25;21,8;21;22,6;24,2;20,2;22,6;25,8;22,6;19,4;22,6;25,8;26,7;29,1;28,3;25;17,8;25,8;29,1;26,7;26,7;1;1;1;1;1;1;1;1;1;1;1;1;1;1;1;1;1;1;1;1;1;1;1;1;1;1;1;1;1;1;1;
41230000;2;01/08/1953;;1;1;33,3;12,1;25;21;31;1;1;1;34;1;26,7;25;17,8;22,6;25;28,3;27,5;26,7;25;17,8;25,8;30;30,8;28,3;25;19,4;17,8;27,5;30;30;31,6;30;25;14,9;19,4;25,8;30;30;25;23,4;12,1;1;1;1;1;1;1;1;1;1;1;1;1;1;1;1;1;1;1;1;1;1;1;1;1;1;1;1;1;1;1;1;
41230000;2;01/09/1953;;1;1;36,7;14,2;24,1;17;7;1;1;1;34;1;25;31,6;29,1;26,7;26,7;23,4;14,2;21,8;25;25;21,8;30;28,3;14,2;18,6;30;34,1;25;21,8;21,8;14,2;20,2;21,8;27,5;30;28,3;26,7;14,2;21,8;25;;1;1;1;1;1;1;1;1;1;1;1;1;1;1;1;1;1;1;1;1;1;1;1;1;1;1;1;1;1;1;;
41230000;2;01/10/1953;;1;1;91,6;12,8;29;8;26;1;1;1;34;1;25;25;20,2;22,6;40,9;38,4;39,2;71,6;49,6;31,6;28,3;21,8;27,5;42,7;40,1;31,6;25;22,6;17;35,8;30;27,5;20,2;21,8;20,2;12,8;21,8;20,2;21,8;21,8;25;1;1;1;1;1;1;1;1;1;1;1;1;1;1;1;1;1;1;1;1;1;1;1;1;1;1;1;1;1;1;1;
41230000;2;01/11/1953;;1;1;107;17,8;31,3;21;1;1;1;1;34;1;17,8;17,8;21,8;25;23,4;22,6;25;42,7;39,2;30;23,4;20,2;25;20,2;38,4;30;28,3;25;26,7;59,1;73,9;38,4;34,1;37,5;37,5;37,5;32,5;31,6;31,6;21,8;;1;1;1;1;1;1;1;1;1;1;1;1;1;1;1;1;1;1;1;1;1;1;1;1;1;1;1;1;1;1;;
41230000;2;01/12/1953;;1;1;141;30,8;52,7;30;28;1;1;1;34;1;31,6;40,1;43,5;41,8;45,3;71,6;56,3;54,3;40,1;41,8;48,8;60,1;62,2;108;96,6;59,1;47;50,5;47;40,1;40,1;60,1;40,9;40,9;46,1;40,1;33,3;30,8;40,1;121;54,3;1;1;1;1;1;1;1;1;1;1;1;1;1;1;1;1;1;1;1;1;1;1;1;1;1;1;1;1;1;1;1;
41230000;2;01/01/1954;;1;1;58,2;21,8;35;5;18;1;1;1;;0;43,5;43,5;43,5;48,8;56,3;45,3;41,8;40,1;41,8;36,7;35;33,3;38,4;35;35;31,6;30;21,8;31,6;25;31,6;30;30;28,3;23,4;30;31,6;30;31,6;28,3;33,3;1;1;1;1;1;1;1;1;1;1;1;1;1;1;1;1;1;1;1;1;1;1;1;1;1;1;1;1;1;1;1;
41230000;2;01/02/1954;;1;1;77,4;21,8;37,2;19;1;1;1;1;;0;21,8;38,4;31,6;31,6;33,3;35;35;23,4;26,7;46,1;29,1;40,9;40,1;35,8;26,7;41,8;41,8;63,2;72,8;47;36,7;31,6;35;36,7;36,7;35;35,8;33,3;;;;1;1;1;1;1;1;1;1;1;1;1;1;1;1;1;1;1;1;1;1;1;1;1;1;1;1;1;1;0;0;;
41230000;2;01/03/1954;;1;1;132;17,8;28,8;31;15;1;1;1;;0;19,4;26,7;25;28,3;24,2;26,7;25;21;26,7;26,7;40,1;37,5;30;25;17,8;25,8;28,3;27,5;29,1;29,1;41,8;29,1;27,5;25;23,4;25;25;21,8;19,4;30;85,6;1;1;1;1;1;1;1;1;1;1;1;1;1;1;1;1;1;1;1;1;1;1;1;1;1;1;1;1;1;1;1;
41230000;2;01/04/1954;;1;1;118;17,8;30,2;1;12;1;1;1;;0;83,2;39,2;33,3;30;25;29,1;32,5;34,1;34,1;32,5;28,3;17,8;26,7;32,5;30;24,2;24,2;22,6;19,4;30,8;27,5;19,4;30,8;34,1;28,3;19,4;32,5;29,1;26,7;28,3;;1;1;1;1;1;1;1;1;1;1;1;1;1;1;1;1;1;1;1;1;1;1;1;1;1;1;1;1;1;1;;
41230000;2;01/05/1954;;1;1;35;16,3;25,9;9;28;1;1;1;;0;26,7;19,4;30;26,7;25;30,8;30;30;32,5;20,2;28,3;30;27,5;28,3;28,3;28,3;21,8;25,8;26,7;26,7;25;28,3;25;20,2;25;26,7;25,8;16,3;25,8;24,2;16,3;1;1;1;1;1;1;1;1;1;1;1;1;1;1;1;1;1;1;1;1;1;1;1;1;1;1;1;1;1;1;1;
41230000;2;01/06/1954;;1;1;31,6;12,1;22,3;3;28;1;1;1;;0;25,8;25,8;29,1;26,7;27,5;20,2;13,5;25,8;27,5;27,5;25;25;21;16,3;21;25;24,2;14,2;24,2;21,8;13,5;21,8;24,2;25;25;23,4;21,8;12,1;21,8;13,5;;1;1;1;1;1;1;1;1;1;1;1;1;1;1;1;1;1;1;1;1;1;1;1;1;1;1;1;1;1;1;;
41230000;2;01/07/1954;;1;1;30;10,7;21;28;19;1;1;1;;0;22,6;25;24,2;21,8;12,1;20,2;21,8;18,6;23,4;22,6;20,2;13,5;20,2;23,4;21,8;22,6;23,4;18,6;10,7;17;23,4;23,4;25;23,4;21,8;10,7;21,8;26,7;25;23,4;23,4;1;1;1;1;1;1;1;1;1;1;1;1;1;1;1;1;1;1;1;1;1;1;1;1;1;1;1;1;1;1;1;
41230000;2;01/08/1954;;1;1;25;;;11;;1;0;0;;0;21,8;;19,4;21,8;18,6;21,8;21,8;17;;17;25;23,4;21,8;21,8;21,8;;10,7;14,2;21,8;21,8;21,8;18,6;10,7;16,3;13,5;12,1;21,8;21,8;20,2;;18,6;1;0;1;1;1;1;1;1;0;1;1;1;1;1;1;0;1;1;1;1;1;1;1;1;1;1;1;1;1;0;1;
41230000;2;01/09/1954;;1;1;25;;;6;;1;0;0;;0;21,8;21,8;20,2;21,8;21,8;25;25;;21,8;25;21,8;15,6;;14,9;21,8;20,2;18,6;18,6;14,2;;12,8;17;20,2;20,2;20,2;15,6;;21,8;20,2;20,2;;1;1;1;1;1;1;1;0;1;1;1;1;0;1;1;1;1;1;1;0;1;1;1;1;1;1;0;1;1;1;;
41230000;2;01/10/1954;;1;1;57,2;;;15;;1;0;0;;0;21,8;18,6;23,4;;20,2;21,8;20,2;17;17;18,6;;21,8;14,2;25;57,2;34,1;18,6;12,1;17,8;21,8;18,6;18,6;20,2;15,6;;10,7;25,8;20,2;17;21,8;21,8;1;1;1;0;1;1;1;1;1;1;0;1;1;1;1;1;1;1;1;1;1;1;1;1;0;1;1;1;1;1;1;
41230000;2;01/11/1954;;1;1;234;;;18;;1;0;0;;0;;15,6;14,2;23,4;26,7;27,5;28,3;14,9;21;21;24,2;53,4;30;21,8;12,8;46,1;37,5;234;57,2;69,5;37,5;40,9;34,1;28,3;23,4;28,3;23,4;23,4;18,6;23,4;;0;1;1;1;1;1;1;1;1;1;1;1;1;1;1;1;1;1;1;1;1;1;1;1;1;1;1;1;1;1;;
41230000;2;01/12/1954;;1;1;132;17,8;35,5;13;6;1;1;1;;0;21,8;22,6;22,6;25,8;26,7;17,8;24,2;33,3;25,8;24,2;24,2;25,8;99,2;46,1;83,2;49,6;40,1;31,6;28,3;85,6;48,8;35;30;30;30;21,8;21,8;25;27,5;38,4;34,1;1;1;1;1;1;1;1;1;1;1;1;1;1;1;1;1;1;1;1;1;1;1;1;1;1;1;1;1;1;1;1;
41230000;2;01/01/1955;;1;1;1032;18,6;93,2;25;7;1;1;1;;0;25;24,2;23,4;46,1;32,5;30;18,6;26,7;30;18,6;30;37,5;39,2;30;34,1;38,4;32,5;59,1;51,5;32,5;46,1;202;161;296;774;286;134;94;88;72,8;73,9;1;1;1;1;1;1;1;1;1;1;1;1;1;1;1;1;1;1;1;1;1;1;1;1;1;1;1;1;1;1;1;
41230000;2;01/02/1955;;1;1;94;25,8;44,4;2;22;1;1;1;;0;59,1;80,8;77,4;58,2;50,5;47;45,3;47,9;45,3;43,5;40,1;40,1;36,7;33,3;35;36,7;34,1;34,1;34,1;30;28,3;25,8;34,1;75,1;48,8;42,7;45,3;35;;;;1;1;1;1;1;1;1;1;1;1;1;1;1;1;1;1;1;1;1;1;1;1;1;1;1;1;1;1;0;0;;
41230000;2;01/03/1955;;1;1;48,8;25;35,1;19;28;1;1;1;;0;43,5;36,7;35;36,7;35;33,3;33,3;38,4;33,3;33,3;33,3;41,8;36,7;27,5;31,6;36,7;35;41,8;45,3;38,4;35;38,4;36,7;35;35;38,4;30;25;28,3;28,3;30;1;1;1;1;1;1;1;1;1;1;1;1;1;1;1;1;1;1;1;1;1;1;1;1;1;1;1;1;1;1;1;
41230000;2;01/04/1955;;1;1;45,3;22,6;32,5;5;25;1;1;1;;0;30;31,6;31,6;32,5;41,8;35,8;36,7;30;28,3;30;29,1;36,7;35;38,4;30;33,3;31,6;29,1;30;30;31,6;32,5;31,6;30;22,6;32,5;34,1;35,8;35,8;35,8;;1;1;1;1;1;1;1;1;1;1;1;1;1;1;1;1;1;1;1;1;1;1;1;1;1;1;1;1;1;1;;
41230000;2;01/05/1955;;1;1;77,4;12,8;25,3;24;20;1;1;1;;0;30;17,8;25;29,1;30;26,7;30;28,3;18,6;29,1;30;26,7;25;23,4;17;15,6;21,8;20,2;21,8;12,8;21,8;21,8;16,3;60,1;37,5;28,3;25;26,7;23,4;21,8;23,4;1;1;1;1;1;1;1;1;1;1;1;1;1;1;1;1;1;1;1;1;1;1;1;1;1;1;1;1;1;1;1;
41230000;2;01/06/1955;;1;1;60,1;12,8;23,4;1;20;1;1;1;;0;49,6;30;28,3;28,3;26,7;21,8;21,8;25;25;17;21,8;20,2;16,3;25;25;25;26,7;23,4;21,8;12,8;21,8;22,6;23,4;23,4;21,8;21,8;12,8;23,4;23,4;17;;1;1;1;1;1;1;1;1;1;1;1;1;1;1;1;1;1;1;1;1;1;1;1;1;1;1;1;1;1;1;;
41230000;2;01/07/1955;;1;1;28,3;12,1;21,3;1;25;1;1;1;;0;25;23,4;21,8;16,3;22,6;23,4;23,4;23,4;20,2;20,2;14,2;21,8;20,2;23,4;21,8;22,6;21,8;17,8;22,6;21;23,4;22,6;21,8;20,2;12,1;20,2;24,2;21,8;22,6;21,8;21,8;1;1;1;1;1;1;1;1;1;1;1;1;1;1;1;1;1;1;1;1;1;1;1;1;1;1;1;1;1;1;1;
41230000;2;01/08/1955;;1;1;28,3;10;20,6;11;1;1;1;1;;0;10;21,8;23,4;21,8;21,8;21,8;21,8;10;21,8;23,4;25;21,8;21,8;20,2;20,2;12,8;21,8;21,8;21,8;21,8;20,2;12,8;19,4;23,4;23,4;23,4;21,8;21,8;21,8;23,4;21,8;1;1;1;1;1;1;1;1;1;1;1;1;1;1;1;1;1;1;1;1;1;1;1;1;1;1;1;1;1;1;1;
41230000;2;01/09/1955;;1;1;25;;;10;;1;0;0;;0;23,4;23,4;23,4;21,8;12,8;21,8;23,4;;21,8;25;21,8;10,7;21,8;21,8;21,8;23,4;23,4;22,6;10;18,6;21,8;23,4;21,8;21,8;21,8;10;15,6;20,2;21,8;21,8;;1;1;1;1;1;1;1;0;1;1;1;1;1;1;1;1;1;1;1;1;1;1;1;1;1;1;1;1;1;1;;
41230000;2;01/10/1955;;1;1;92,8;;;27;;1;0;0;;0;21,8;18,6;;12,8;15,6;21,8;21,8;21,8;21,8;10;20,2;20,2;21,8;21,8;32,5;14,2;51,5;38,4;28,3;28,3;21,8;23,4;28,3;16,3;23,4;21,8;92,8;29,1;33,3;21,8;21,8;1;1;0;1;1;1;1;1;1;1;1;1;1;1;1;1;1;1;1;1;1;1;1;1;1;1;1;1;1;1;1;
41230000;2;01/11/1955;;1;1;79,7;15,6;27,8;22;28;1;1;1;;0;25;30;21,8;37,5;28,3;21,8;20,2;23,4;21,8;21,8;30;23,4;20,2;22,6;21,8;16,3;19,4;18,6;40,9;38,4;56,3;64,3;44,4;30;28,3;25;21,8;15,6;21,8;23,4;;1;1;1;1;1;1;1;1;1;1;1;1;1;1;1;1;1;1;1;1;1;1;1;1;1;1;1;1;1;1;;
41230000;2;01/12/1955;;1;1;207;17;54,8;31;12;1;1;1;;0;24,2;21,8;35;36,7;33,3;32,5;36,7;33,3;30,8;33,3;23,4;17;31,6;38,4;33,3;39,2;49,6;72,8;85,6;65,3;44,4;57,2;71,6;61,1;58,2;47;76,2;114;67,4;143;186;1;1;1;1;1;1;1;1;1;1;1;1;1;1;1;1;1;1;1;1;1;1;1;1;1;1;1;1;1;1;1;
41230000;2;01/01/1956;;1;1;178;18,6;40,6;3;30;1;1;1;;0;95,3;77,4;125;71,6;49,6;47;47,9;40,1;32,5;29,1;37,5;36,7;36,7;36,7;35;28,3;34,1;34,1;34,1;35;30,8;30;23,4;25;23,4;28,3;31,6;30;28,3;18,6;26,7;1;1;1;1;1;1;1;1;1;1;1;1;1;1;1;1;1;1;1;1;1;1;1;1;1;1;1;1;1;1;1;
41230000;2;01/02/1956;;1;1;60,1;12,8;26,2;18;13;1;1;1;;0;26,7;23,4;28,3;28,3;25;23,4;21;25;21,8;21,8;23,4;21,8;12,8;37,5;21,8;21,8;21,8;51,5;28,3;28,3;33,3;33,3;36,7;30;25;25;17,8;22,6;23,4;;;1;1;1;1;1;1;1;1;1;1;1;1;1;1;1;1;1;1;1;1;1;1;1;1;1;1;1;1;1;0;;
41230000;2;01/03/1956;;1;1;79,7;14,2;32,5;3;31;1;1;1;;0;26,7;35,8;67,4;38,4;28,3;34,1;30;28,3;35,8;51,5;40,9;44,4;33,3;28,3;28,3;25;18,6;21,8;18,6;62,2;35;30;36,7;39,2;38,4;25;25;23,4;21,8;20,2;14,2;1;1;1;1;1;1;1;1;1;1;1;1;1;1;1;1;1;1;1;1;1;1;1;1;1;1;1;1;1;1;1;
41230000;2;01/04/1956;;1;1;31,6;14,2;21,5;1;9;1;1;1;;0;28,3;18,6;26,7;23,4;21,8;20,2;26,7;18,6;14,2;23,4;23,4;21,8;21,8;23,4;18,6;21;23,4;25;25;25;23,4;21,8;14,2;17;19,4;20,2;20,2;22,6;21,8;14,2;;1;1;1;1;1;1;1;1;1;1;1;1;1;1;1;1;1;1;1;1;1;1;1;1;1;1;1;1;1;1;;
41230000;2;01/05/1956;;1;1;30;14,2;20,8;10;2;1;1;1;;0;15,6;14,2;17;19,4;21,8;21,8;19,4;21,8;25;26,7;17;18,6;21,8;17;25,8;20,2;23,4;23,4;21,8;20,2;14,2;23,4;18,6;21,8;23,4;21,8;25;20,2;21,8;20,2;21,8;1;1;1;1;1;1;1;1;1;1;1;1;1;1;1;1;1;1;1;1;1;1;1;1;1;1;1;1;1;1;1;
41230000;2;01/06/1956;;1;1;56,3;14,2;24;3;30;1;1;1;;0;17;26,7;45,3;33,3;23,4;25;21,8;20,2;20,2;21,8;17,8;23,4;23,4;25;30,8;30;26,7;23,4;21,8;23,4;25;23,4;23,4;21,8;20,2;23,4;23,4;21,8;21,8;14,2;;1;1;1;1;1;1;1;1;1;1;1;1;1;1;1;1;1;1;1;1;1;1;1;1;1;1;1;1;1;1;;
41230000;2;01/07/1956;;1;1;26,7;12,8;20,1;20;30;1;1;1;;0;21,8;17,8;20,2;21,8;21,8;21,8;21,8;20,2;14,2;17;21,8;21,8;20,2;20,2;20,2;18,6;21;21,8;21,8;23,4;23,4;20,2;15,6;20,2;18,6;20,2;20,2;20,2;20,2;12,8;21,8;1;1;1;1;1;1;1;1;1;1;1;1;1;1;1;1;1;1;1;1;1;1;1;1;1;1;1;1;1;1;1;
41230000;2;01/08/1956;;1;1;23,4;;;3;;1;0;0;;0;21,8;21,8;23,4;19,4;20,2;14,2;18,6;18,6;18,6;19,4;21,8;14,9;;16,3;20,2;10,7;19,4;18,6;18,6;10;17,8;18,6;18,6;17;22,6;18,6;15,6;16,3;18,6;17;15,6;1;1;1;1;1;1;1;1;1;1;1;1;0;1;1;1;1;1;1;1;1;1;1;1;1;1;1;1;1;1;1;
41230000;2;01/09/1956;;1;1;42,7;;;13;;1;0;0;;0;16,3;14,2;10,7;16,3;17;18,6;17;;14,2;;15,6;15,6;42,7;21;20,2;21,8;12,1;21,8;21,8;21;21,8;17,8;17,8;;20,2;20,2;17,8;18,6;15,6;14,2;;1;1;1;1;1;1;1;0;1;0;1;1;1;1;1;1;1;1;1;1;1;1;1;0;1;1;1;1;1;1;;
41230000;2;01/10/1956;;1;1;26,7;;;31;;1;0;0;;0;10;21,8;20,2;17;15,6;12,8;14,2;;15,6;15,6;14,2;14,2;18,6;14,2;;14,2;15,6;20,2;18,6;18,6;17;;14,9;14,2;18,6;15,6;13,5;14,9;;14,2;26,7;1;1;1;1;1;1;1;0;1;1;1;1;1;1;0;1;1;1;1;1;1;0;1;1;1;1;1;1;0;1;1;
41230000;2;01/11/1956;;1;1;214;11,4;24,7;27;5;1;1;1;;0;17;20,2;20,2;17;11,4;21,8;21,8;21,8;21,8;18,6;21,8;12,1;21,8;21,8;22,6;14,2;20,2;17;11,4;17;21,8;21,8;21,8;21,8;21,8;21;131;47;35;27,5;;1;1;1;1;1;1;1;1;1;1;1;1;1;1;1;1;1;1;1;1;1;1;1;1;1;1;1;1;1;1;;
41230000;2;01/12/1956;;1;1;410;17,8;77,6;28;3;1;1;1;;0;25,8;21,8;17,8;29,1;28,3;25;30;41,8;110;53,4;37,5;29,1;29,1;21,8;40,1;85,6;143;53,4;33,3;36,7;36,7;57,2;41,8;32,5;281;176;314;325;111;72,8;64,3;1;1;1;1;1;1;1;1;1;1;1;1;1;1;1;1;1;1;1;1;1;1;1;1;1;1;1;1;1;1;1;
41230000;2;01/01/1957;;1;1;94;31,6;47,3;21;7;1;1;1;;0;65,3;48,8;54,3;43,5;47;38,4;31,6;36,7;36,7;36,7;31,6;65,3;50,5;40,1;40,1;40,9;63,2;67,4;73,9;48,8;85,6;54,3;45,3;41,8;41,8;40,1;36,7;32,5;53,4;37,5;37,5;1;1;1;1;1;1;1;1;1;1;1;1;1;1;1;1;1;1;1;1;1;1;1;1;1;1;1;1;1;1;1;
41230000;2;01/02/1957;;1;1;113;33,3;51;15;2;1;1;1;;0;36,7;33,3;33,3;33,3;78,5;41,8;78,5;78,5;50,5;55,3;39,2;41,8;43,5;40,1;92,8;60,1;57,2;48,8;47;50,5;43,5;44,4;60,1;47;47;53,4;48,8;43,5;;;;1;1;1;1;1;1;1;1;1;1;1;1;1;1;1;1;1;1;1;1;1;1;1;1;1;1;1;1;0;0;;
41230000;2;01/03/1957;;1;1;118;34,1;48,4;14;5;1;1;1;;0;40,1;38,4;38,4;40,1;34,1;36,7;36,7;36,7;55,3;40,9;36,7;55,3;68,4;99,2;59,1;48,8;47,9;73,9;51,5;47;57,2;38,4;54,3;51,5;63,2;45,3;41,8;47;40,1;40,1;36,7;1;1;1;1;1;1;1;1;1;1;1;1;1;1;1;1;1;1;1;1;1;1;1;1;1;1;1;1;1;1;1;
41230000;2;01/04/1957;;1;1;79,7;28,3;39;6;29;1;1;1;;0;31,6;38,4;55,3;38,4;38,4;66,3;66,3;47,9;40,1;41,8;43,5;40,1;37,5;37,5;36,7;39,2;37,5;38,4;35;35,8;35;30,8;35;33,3;33,3;33,3;30;32,5;28,3;33,3;;1;1;1;1;1;1;1;1;1;1;1;1;1;1;1;1;1;1;1;1;1;1;1;1;1;1;1;1;1;1;;
41230000;2;01/05/1957;;1;1;64,3;25;31,8;11;7;1;1;1;;0;33,3;27,5;33,3;33,3;31,6;29,1;25;35,8;33,3;35,8;51,5;33,3;25,8;40,1;30;46,1;41,8;30;31,6;26,7;31,6;31,6;31,6;25,8;26,7;27,5;25,8;29,1;28,3;26,7;25;1;1;1;1;1;1;1;1;1;1;1;1;1;1;1;1;1;1;1;1;1;1;1;1;1;1;1;1;1;1;1;
41230000;2;01/06/1957;;1;1;31,6;16,3;25,2;1;30;1;1;1;;0;28,3;26,7;27,5;28,3;26,7;26,7;26,7;25;27,5;24,2;27,5;26,7;26,7;24,2;24,2;24,2;21,8;28,3;28,3;25;21,8;24,2;25;24,2;25,8;24,2;25;22,6;21,8;16,3;;1;1;1;1;1;1;1;1;1;1;1;1;1;1;1;1;1;1;1;1;1;1;1;1;1;1;1;1;1;1;;
41230000;2;01/07/1957;;1;1;31,6;14,9;23,4;3;8;1;1;1;;0;22,6;27,5;30,8;30,8;30,8;24,2;24,2;14,9;18,6;18,6;27,5;28,3;23,4;23,4;14,9;26,7;28,3;23,4;21,8;22,6;21,8;17,8;21,8;23,4;23,4;23,4;23,4;21,8;18,6;22,6;22,6;1;1;1;1;1;1;1;1;1;1;1;1;1;1;1;1;1;1;1;1;1;1;1;1;1;1;1;1;1;1;1;
41230000;2;01/08/1957;;1;1;25;10,7;17,9;2;12;1;1;1;;0;21;22,6;22,6;21,8;12,8;21,8;22,6;21,8;22,6;19,4;20,2;10,7;18,6;16,3;15,6;17;15,6;18,6;16,3;18,6;18,6;17,8;14,9;15,6;15,6;11,4;17;17,8;17,8;16,3;16,3;1;1;1;1;1;1;1;1;1;1;1;1;1;1;1;1;1;1;1;1;1;1;1;1;1;1;1;1;1;1;1;
41230000;2;01/09/1957;;1;1;36,7;10;18,6;24;16;1;1;1;;0;17,8;11,4;16,3;18,6;23,4;22,6;18,6;13,5;15,6;16,3;18,6;18,6;17,8;12,8;15,6;10;15,6;15,6;17;19,4;21;21,8;20,2;32,5;27,5;21;22,6;19,4;21;17;;1;1;1;1;1;1;1;1;1;1;1;1;1;1;1;1;1;1;1;1;1;1;1;1;1;1;1;1;1;1;;
41230000;2;01/10/1957;;1;1;32,5;;;1;;1;0;0;;0;32,5;21,8;20,2;20,2;17,8;14,2;13,5;16,3;17;20,2;17;15,6;13,5;;14,2;13,5;16,3;17;11,4;10;;12,8;12,8;12,1;11,4;11,4;14,2;10;14,2;12,8;12,8;1;1;1;1;1;1;1;1;1;1;1;1;1;0;1;1;1;1;1;1;0;1;1;1;1;1;1;1;1;1;1;
41230000;2;01/11/1957;;1;1;80,8;;;10;;1;0;0;;0;11,4;;;;30,8;22,6;18,6;25,8;71,6;80,8;29,1;29,1;25,8;41,8;29,1;33,3;41,8;36,7;40,1;36,7;30,8;25;29,1;28,3;42,7;55,3;33,3;28,3;33,3;30,8;;1;0;0;0;1;1;1;1;1;1;1;1;1;1;1;1;1;1;1;1;1;1;1;1;1;1;1;1;1;1;;
41230000;2;01/12/1957;;1;1;165;33,3;81,2;5;2;1;1;1;;0;37,5;33,3;131;135;149;146;65,3;111;124;89,2;78,5;83,2;70,5;70,5;90,4;79,7;67,4;101;113;117;62,2;99,2;76,2;61,1;61,1;56,3;48,8;41,8;45,3;36,7;36,7;1;1;1;1;1;1;1;1;1;1;1;1;1;1;1;1;1;1;1;1;1;1;1;1;1;1;1;1;1;1;1;
41230000;2;01/01/1958;;1;1;135;27,5;50;21;14;1;1;1;;0;40,9;32,5;33,3;31,6;31,6;30;28,3;30;33,3;37,5;38,4;31,6;28,3;27,5;30,8;33,3;46,1;37,5;85,6;69,5;117;76,2;83,2;80,8;63,2;56,3;53,4;47;110;56,3;50,5;1;1;1;1;1;1;1;1;1;1;1;1;1;1;1;1;1;1;1;1;1;1;1;1;1;1;1;1;1;1;1;
41230000;2;01/02/1958;;1;1;132;35,8;57;12;24;1;1;1;;0;45,3;46,1;57,2;67,4;55,3;71,6;71,6;103;106;60,1;66,3;111;76,2;56,3;50,5;47;41,8;45,3;41,8;45,3;43,5;41,8;40,1;35,8;41,8;45,3;40,1;41,8;;;;1;1;1;1;1;1;1;1;1;1;1;1;1;1;1;1;1;1;1;1;1;1;1;1;1;1;1;1;0;0;;
41230000;2;01/03/1958;;1;1;64,3;16,3;35,5;20;17;1;1;1;;0;49,6;42,7;32,5;36,7;36,7;35;36,7;35;35,8;27,5;33,3;35;35;31,6;31,6;30;16,3;38,4;37,5;55,3;36,7;35;36,7;49,6;41,8;36,7;33,3;31,6;31,6;30;25,8;1;1;1;1;1;1;1;1;1;1;1;1;1;1;1;1;1;1;1;1;1;1;1;1;1;1;1;1;1;1;1;
41230000;2;01/04/1958;;1;1;89,2;22,6;33,6;20;28;1;1;1;;0;30;31,6;31,6;28,3;29,1;25,8;28,3;30;30;28,3;31,6;31,6;28,3;42,7;46,1;33,3;31,6;28,3;41,8;73,9;40,9;33,3;35;33,3;31,6;33,3;33,3;22,6;30;33,3;;1;1;1;1;1;1;1;1;1;1;1;1;1;1;1;1;1;1;1;1;1;1;1;1;1;1;1;1;1;1;;
41230000;2;01/05/1958;;1;1;36,7;16,3;26,8;1;19;1;1;1;;0;33,3;19,4;33,3;33,3;24,2;33,3;31,6;30;29,1;30;27,5;21;30;31,6;30;19,4;21,8;28,3;16,3;28,3;30;27,5;23,4;21,8;30,8;27,5;23,4;23,4;21,8;25;25;1;1;1;1;1;1;1;1;1;1;1;1;1;1;1;1;1;1;1;1;1;1;1;1;1;1;1;1;1;1;1;
41230000;2;01/06/1958;;1;1;28,3;14,2;20,1;11;29;1;1;1;;0;22,6;18,6;17;17,8;24,2;18,6;17;18,6;17,8;20,2;25;23,4;18,6;22,6;22,6;20,2;21,8;21,8;20,2;20,2;21,8;21,8;17,8;21;20,2;21,8;20,2;17,8;14,2;16,3;;1;1;1;1;1;1;1;1;1;1;1;1;1;1;1;1;1;1;1;1;1;1;1;1;1;1;1;1;1;1;;
41230000;2;01/07/1958;;1;1;54,3;14,2;23,6;19;14;1;1;1;;0;25;23,4;23,4;21,8;20,2;22,6;16,3;23,4;17,8;20,2;18,6;27,5;23,4;14,2;24,2;22,6;26,7;28,3;47,9;28,3;20,2;23,4;28,3;26,7;23,4;23,4;20,2;17,8;23,4;23,4;26,7;1;1;1;1;1;1;1;1;1;1;1;1;1;1;1;1;1;1;1;1;1;1;1;1;1;1;1;1;1;1;1;
41230000;2;01/08/1958;;1;1;28,3;10,7;18,8;13;25;1;1;1;;0;23,4;20,2;21,8;17,8;21,8;22,6;21,8;15,6;21;16,3;13,5;21;25;25;18,6;14,2;12,8;11,4;18,6;18,6;21;21;21;20,2;10,7;13,5;21;21;17,8;17,8;17;1;1;1;1;1;1;1;1;1;1;1;1;1;1;1;1;1;1;1;1;1;1;1;1;1;1;1;1;1;1;1;
41230000;2;01/09/1958;;1;1;36,7;;;14;;1;0;0;;0;11,4;21;21;21;19,4;19,4;17,8;20,2;20,2;21;21,8;21,8;30,8;36,7;30,8;18,6;15,6;15,6;14,2;15,6;20,2;10,7;14,9;17;11,4;14,2;21,8;21,8;;13,5;;1;1;1;1;1;1;1;1;1;1;1;1;1;1;1;1;1;1;1;1;1;1;1;1;1;1;1;1;0;1;;
41230000;2;01/10/1958;;1;1;43,5;;;12;;1;0;0;;0;15,6;17;14,2;10,7;10;;17,8;30,8;41,8;21;24,2;43,5;31,6;22,6;22,6;23,4;22,6;30;34,1;17,8;21,8;20,2;13,5;21,8;17;14,2;18,6;39,2;37,5;22,6;35;1;1;1;1;1;0;1;1;1;1;1;1;1;1;1;1;1;1;1;1;1;1;1;1;1;1;1;1;1;1;1;
41230000;2;01/11/1958;;1;1;47;10,7;22,7;23;10;1;1;1;;0;29,1;25,8;15,6;20,2;19,4;29,1;21,8;25;17,8;10,7;16,3;27,5;21,8;25;22,6;14,9;21,8;21,8;21,8;23,4;22,6;21;38,4;25;27,5;27,5;20,2;17;29,1;21,8;;1;1;1;1;1;1;1;1;1;1;1;1;1;1;1;1;1;1;1;1;1;1;1;1;1;1;1;1;1;1;;
41230000;2;01/12/1958;;1;1;68,4;;;13;;1;0;0;;0;11,4;14,2;14,9;;15,6;13,5;12,8;17;17;21,8;27,5;25;68,4;38,4;25;25;21,8;21,8;22,6;20,2;18,6;18,6;21,8;23,4;15,6;;18,6;20,2;14,9;18,6;26,7;1;1;1;0;1;1;1;1;1;1;1;1;1;1;1;1;1;1;1;1;1;1;1;1;1;0;1;1;1;1;1;
41230000;2;01/01/1959;;1;1;47,9;12,1;25,2;9;5;1;1;1;;0;21,8;17;21,8;20,2;12,1;34,1;30;21,8;47,9;40,1;38,4;20,2;21,8;21,8;23,4;23,4;21,8;21,8;15,6;25;23,4;21,8;36,7;34,1;25;20,2;27,5;27,5;21,8;20,2;23,4;1;1;1;1;1;1;1;1;1;1;1;1;1;1;1;1;1;1;1;1;1;1;1;1;1;1;1;1;1;1;1;
41230000;2;01/02/1959;;1;1;40,9;;;27;;1;0;0;;0;20,2;10,7;24,2;23,4;21,8;20,2;18,6;17;15,6;14,2;15,6;14,2;17,8;20,2;14,9;12,1;23,4;19,4;21;13,5;14,2;10;;19,4;20,2;17,8;40,9;21;;;;1;1;1;1;1;1;1;1;1;1;1;1;1;1;1;1;1;1;1;1;1;1;0;1;1;1;1;1;0;0;;
41230000;2;01/03/1959;;1;1;153;16,3;38,5;5;2;1;1;1;;0;31,6;16,3;21;43,5;95,3;90,4;54,3;48,8;63,2;55,3;45,3;45,3;38,4;32,5;30,8;37,5;29,1;30;30;29,1;20,2;18,6;23,4;24,2;25;37,5;30,8;41,8;50,5;28,3;25;1;1;1;1;1;1;1;1;1;1;1;1;1;1;1;1;1;1;1;1;1;1;1;1;1;1;1;1;1;1;1;
41230000;2;01/04/1959;;1;1;31,6;10,7;20;1;20;1;1;1;;0;28,3;25,8;25;21,8;21;21;22,6;21,8;25;24,2;23,4;18,6;16,3;17,8;24,2;21;21,8;17;17,8;10,7;12,1;14,9;21,8;19,4;20,2;15,6;11,4;16,3;22,6;20,2;;1;1;1;1;1;1;1;1;1;1;1;1;1;1;1;1;1;1;1;1;1;1;1;1;1;1;1;1;1;1;;
41230000;2;01/05/1959;;1;1;24,2;;;12;;1;0;0;;0;20,2;17;14,9;12,1;17,8;19,4;12,8;16,3;14,9;11,4;12,1;24,2;22,6;17,8;17,8;19,4;17,8;10,7;16,3;20,2;21;24,2;21;14,2;;13,5;17,8;11,4;13,5;14,9;20,2;1;1;1;1;1;1;1;1;1;1;1;1;1;1;1;1;1;1;1;1;1;1;1;1;0;1;1;1;1;1;1;
41230000;2;01/06/1959;;1;1;;;;;;0;0;0;;0;12,1;21,8;22,6;17,8;22,6;21;13,5;10;16,3;14,9;12,1;;15,6;13,5;;11,4;13,5;12,8;12,8;11,4;10;;14,2;14,2;13,5;13,5;13,5;12,1;;;;1;1;1;1;1;1;1;1;1;1;1;0;1;1;0;1;1;1;1;1;1;0;1;1;1;1;1;1;0;0;;
41230000;2;01/07/1959;;1;1;12,8;;;15;;1;0;0;;0;12,1;;10;10;;;;12,1;10,7;10,7;;;;11,4;12,8;;;;11,4;;10,7;;;;;;;;;;10,7;1;0;1;1;0;0;0;1;1;1;0;0;0;1;1;0;0;0;1;0;1;0;0;0;0;0;0;0;0;0;1;
41230000;2;01/08/1959;;1;1;;;;;;0;0;0;;0;;;;;;;;;;;;;;10,7;;;;;;;10;10;10,7;;10;;;;;;;0;0;0;0;0;0;0;0;0;0;0;0;0;1;0;0;0;0;0;0;1;1;1;0;1;0;0;0;0;0;0;
41230000;2;01/09/1959;;1;1;;;;;;0;0;0;;0;;;10,7;;;;;;10;;;11,4;12,1;;11,4;12,1;12,1;11,4;10,7;10,7;;11,4;12,1;11,4;11,4;11,4;;;;;;0;0;1;0;0;0;0;0;1;0;0;1;1;0;1;1;1;1;1;1;0;1;1;1;1;1;0;0;0;0;;
41230000;2;01/10/1959;;1;1;51,5;;;22;;1;0;0;;0;11,4;11,4;;;;10,7;13,5;13,5;17,8;;;;11,4;12,8;;13,5;35,8;22,6;11,4;30,8;18,6;51,5;25;21;10;;10,7;17,8;25;25;25,8;1;1;0;0;0;1;1;1;1;0;0;0;1;1;0;1;1;1;1;1;1;1;1;1;1;0;1;1;1;1;1;
41230000;2;01/11/1959;;1;1;76,2;12,1;24;19;11;1;1;1;;0;27,5;18,6;16,3;21;19,4;17,8;21,8;17,8;13,5;17;12,1;16,3;17,8;14,9;17,8;18,6;17;34,1;76,2;53,4;34,1;31,6;34,1;29,1;28,3;20,2;22,6;22,6;17,8;12,1;;1;1;1;1;1;1;1;1;1;1;1;1;1;1;1;1;1;1;1;1;1;1;1;1;1;1;1;1;1;1;;
41230000;2;01/12/1959;;1;1;94;10,7;27,6;11;7;1;1;1;;0;13,5;13,5;13,5;15,6;15,6;28,3;10,7;23,4;59,1;55,3;71,6;59,1;49,6;30;25;17;19,4;15,6;15,6;30,8;30,8;29,1;25,8;29,1;25,8;27,5;21;18,6;21;24,2;19,4;1;1;1;1;1;1;1;1;1;1;1;1;1;1;1;1;1;1;1;1;1;1;1;1;1;1;1;1;1;1;1;
41230000;2;01/01/1960;;1;1;;;;;;0;0;0;;0;77,4;44,4;26,7;16,3;26,7;29,1;15,6;43,5;29,1;23,4;14,9;21;26,7;24,2;25;24,2;21,8;39,2;35,8;46,1;51,5;46,1;67,4;254;170;;;;;;;1;1;1;1;1;1;1;1;1;1;1;1;1;1;1;1;1;1;1;1;1;1;1;1;1;0;0;0;0;0;0;
41230000;2;01/02/1960;;1;1;;;;;;0;0;0;;0;;;165;191;;;;;;;;;;;;;;;;;;;;;;;;;;;;0;0;1;1;0;0;0;0;0;0;0;0;0;0;0;0;0;0;0;0;0;0;0;0;0;0;0;0;0;0;;
41230000;2;01/07/1960;;1;1;21;;;26;;1;0;0;;0;;;;;;;;;;;;;;;;;;;;;;15,6;20,2;17,8;12,1;21;20,2;20,2;19,4;18,6;16,3;0;0;0;0;0;0;0;0;0;0;0;0;0;0;0;0;0;0;0;0;0;1;1;1;1;1;1;1;1;1;1;
41230000;2;01/08/1960;;1;1;25,8;;;24;;1;0;0;;0;10;18,6;20,2;20,2;18,6;18,6;17;10;21;19,4;21;19,4;19,4;12,8;;;10,7;19,4;22,6;21;17;16,3;24,2;25,8;19,4;17;16,3;16,3;;12,8;17;1;1;1;1;1;1;1;1;1;1;1;1;1;1;0;0;1;1;1;1;1;1;1;1;1;1;1;1;0;1;1;
41230000;2;01/09/1960;;1;1;40,9;;;27;;1;0;0;;0;19,4;19,4;17;16,3;12,1;16,3;13,5;10;16,3;10;;10;17,8;12,1;16,3;14,2;14,9;10;11,4;12,8;10,7;10;;;;;40,9;17;17,8;17,8;;1;1;1;1;1;1;1;1;1;1;0;1;1;1;1;1;1;1;1;1;1;1;0;0;0;0;1;1;1;1;;
41230000;2;01/10/1960;;1;1;21;;;1;;1;0;0;;0;21;16,3;;10;17;17;16,3;16,3;14,9;12,8;15,6;13,5;17,8;14,9;;10;;10,7;;17,8;16,3;17,8;10,7;12,1;;15,6;20,2;17,8;18,6;16,3;10;1;1;0;1;1;1;1;1;1;1;1;1;1;1;0;1;0;1;0;1;1;1;1;1;0;1;1;1;1;1;1;
41230000;2;01/11/1960;;1;1;41,8;10,7;21,3;14;2;1;1;1;;0;13,5;10,7;21;23,4;16,3;13,5;17,8;17;17;16,3;16,3;16,3;19,4;34,1;17;15,6;17;19,4;29,1;26,7;21;25;33,3;24,2;25,8;29,1;33,3;28,3;25,8;15,6;;1;1;1;1;1;1;1;1;1;1;1;1;1;1;1;1;1;1;1;1;1;1;1;1;1;1;1;1;1;1;;
41230000;2;01/12/1960;;1;1;147;;;20;;1;0;0;;0;24,2;34,1;42,7;47,9;29,1;29,1;83,2;101;51,5;41,8;45,3;21,8;19,4;31,6;22,6;27,5;64,3;76,2;101;147;72,8;75,1;30;13,5;;;21,8;;;;15,6;1;1;1;1;1;1;1;1;1;1;1;1;1;1;1;1;1;1;1;1;1;1;1;1;0;0;1;0;0;0;1;
41230000;2;01/01/1961;;1;1;1127;38,4;139;27;2;1;1;1;;0;40,9;38,4;101;162;173;92,8;92,8;121;101;124;375;238;129;114;135;80,8;69,5;48,8;42,7;46,1;90,4;64,3;51,5;51,5;64,3;179;767;195;206;183;124;1;1;1;1;1;1;1;1;1;1;1;1;1;1;1;1;1;1;1;1;1;1;1;1;1;1;1;1;1;1;1;
41230000;2;01/02/1961;;1;1;435;53,4;95,3;15;28;1;1;1;;0;121;108;95,3;97,9;80,8;61,1;55,3;55,3;55,3;83,2;71,6;83,2;90,4;197;368;150;101;86,8;79,7;77,4;77,4;71,6;75,1;66,3;70,5;77,4;58,2;53,4;;;;1;1;1;1;1;1;1;1;1;1;1;1;1;1;1;1;1;1;1;1;1;1;1;1;1;1;1;1;0;0;;
41230000;2;01/03/1961;;1;1;150;38,4;65,4;13;26;1;1;1;;0;73,9;64,3;59,1;50,5;90,4;61,1;67,4;121;64,3;78,5;75,1;54,3;131;88;76,2;95,3;67,4;60,1;55,3;78,5;57,2;65,3;60,1;46,1;42,7;38,4;42,7;42,7;41,8;41,8;38,4;1;1;1;1;1;1;1;1;1;1;1;1;1;1;1;1;1;1;1;1;1;1;1;1;1;1;1;1;1;1;1;
41230000;2;01/04/1961;;1;1;60,1;28,3;38,3;27;2;1;1;1;;0;34,1;28,3;30,8;39,2;38,4;40,1;51,5;34,1;30;29,1;37,5;35,8;38,4;40,9;36,7;35,8;37,5;39,2;37,5;37,5;33,3;42,7;35;36,7;36,7;37,5;55,3;51,5;47,9;40,9;;1;1;1;1;1;1;1;1;1;1;1;1;1;1;1;1;1;1;1;1;1;1;1;1;1;1;1;1;1;1;;
41230000;2;01/05/1961;;1;1;45,3;24,2;33,4;5;15;1;1;1;;0;35,8;35,8;40,1;40,1;42,7;39,2;35,8;34,1;34,1;34,1;36,7;37,5;35,8;36,7;24,2;34,1;34,1;33,3;33,3;33,3;30;32,5;32,5;33,3;30;30;30,8;24,2;24,2;29,1;29,1;1;1;1;1;1;1;1;1;1;1;1;1;1;1;1;1;1;1;1;1;1;1;1;1;1;1;1;1;1;1;1;
41230000;2;01/06/1961;;1;1;35;17,8;27,7;12;30;1;1;1;;0;25;25;31,6;30;29,1;28,3;27,5;27,5;30,8;30;29,1;32,5;32,5;32,5;30;29,1;29,1;29,1;30,8;29,1;25,8;25,8;25,8;25,8;25,8;24,2;24,2;27,5;20,2;17,8;;1;1;1;1;1;1;1;1;1;1;1;1;1;1;1;1;1;1;1;1;1;1;1;1;1;1;1;1;1;1;;
41230000;2;01/07/1961;;1;1;33,3;17;23,2;7;24;1;1;1;;0;21;20,2;24,2;22,6;24,2;26,7;28,3;28,3;22,6;22,6;24,2;24,2;25,8;28,3;25,8;22,6;23,4;20,2;20,2;20,2;20,2;18,6;18,6;17;25,8;25;25;25,8;25,8;23,4;17,8;1;1;1;1;1;1;1;1;1;1;1;1;1;1;1;1;1;1;1;1;1;1;1;1;1;1;1;1;1;1;1;
41230000;2;01/08/1961;;1;1;31,6;13,5;21,5;23;14;1;1;1;;0;23,4;25,8;25;25;25;21;16,3;25;23,4;24,2;22,6;22,6;21,8;13,5;18,6;13,5;20,2;22,6;25;17,8;14,2;25,8;26,7;23,4;22,6;22,6;20,2;17;19,4;21,8;21,8;1;1;1;1;1;1;1;1;1;1;1;1;1;1;1;1;1;1;1;1;1;1;1;1;1;1;1;1;1;1;1;
41230000;2;01/09/1961;;1;1;22,6;;;22;;1;0;0;;0;21,8;19,4;19,4;11,4;20,2;21;16,3;14,9;12,8;18,6;;20,2;21;21;21;20,2;18,6;10;21;20,2;21,8;22,6;22,6;21;21;21;20,2;17;18,6;17;;1;1;1;1;1;1;1;1;1;1;0;1;1;1;1;1;1;1;1;1;1;1;1;1;1;1;1;1;1;1;;
41230000;2;01/10/1961;;1;1;23,4;;;28;;1;0;0;;0;14,9;14,9;21;21,8;21,8;18,6;17,8;15,6;;17;17,8;19,4;21;19,4;12,8;10;18,6;17;13,5;13,5;18,6;17;10,7;14,2;17,8;18,6;20,2;23,4;19,4;10;21,8;1;1;1;1;1;1;1;1;0;1;1;1;1;1;1;1;1;1;1;1;1;1;1;1;1;1;1;1;1;1;1;
41230000;2;01/11/1961;;1;1;94;10;24,4;12;2;1;1;1;;0;17;10;17;19,4;17,8;19,4;21;21,8;20,2;20,2;19,4;82;41,8;35;21;21;34,1;25;23,4;20,2;23,4;23,4;25,8;25;23,4;17;17,8;21;22,6;25,8;;1;1;1;1;1;1;1;1;1;1;1;1;1;1;1;1;1;1;1;1;1;1;1;1;1;1;1;1;1;1;;
41230000;2;01/12/1961;;1;1;77,4;17;25,1;13;3;1;1;1;;0;20,2;21;17;20,2;27,5;25,8;25,8;20,2;20,2;21;21,8;37,5;65,3;51,5;30,8;26,7;24,2;19,4;21;22,6;22,6;19,4;19,4;19,4;17,8;21;21,8;23,4;24,2;25;25;1;1;1;1;1;1;1;1;1;1;1;1;1;1;1;1;1;1;1;1;1;1;1;1;1;1;1;1;1;1;1;
41230000;2;01/01/1962;;1;1;153;18,6;56,2;11;2;1;1;1;;0;21;18,6;20,2;30,8;41,8;35,8;32,5;30,8;38,4;65,3;135;55,3;41,8;34,1;29,1;29,1;34,1;35,8;35,8;42,7;101;108;121;50,5;59,1;113;107;65,3;45,3;51,5;111;1;1;1;1;1;1;1;1;1;1;1;1;1;1;1;1;1;1;1;1;1;1;1;1;1;1;1;1;1;1;1;
41230000;2;01/02/1962;;1;1;214;37,5;67,7;7;4;1;1;1;;0;50,5;48,8;59,1;37,5;94;76,2;143;141;73,9;86,8;75,1;62,2;62,2;63,2;60,1;82;52,4;88;62,2;91,6;40,1;41,8;43,5;48,8;54,3;73,9;42,7;40,1;;;;1;1;1;1;1;1;1;1;1;1;1;1;1;1;1;1;1;1;1;1;1;1;1;1;1;1;1;1;0;0;;
41230000;2;01/03/1962;;1;1;58,2;27,5;37,6;23;19;1;1;1;;0;44,4;45,3;40,1;43,5;41,8;52,4;48,8;47;40,1;38,4;36,7;33,3;35;33,3;35;33,3;35;31,6;27,5;33,3;33,3;40,1;55,3;40,1;31,6;30;32,5;33,3;31,6;31,6;31,6;1;1;1;1;1;1;1;1;1;1;1;1;1;1;1;1;1;1;1;1;1;1;1;1;1;1;1;1;1;1;1;
41230000;2;01/04/1962;;1;1;33,3;13,5;25,2;6;16;1;1;1;;0;30;23,4;31,6;31,6;31,6;32,5;30;30;20,2;31,6;27,5;26,7;27,5;26,7;23,4;13,5;19,4;23,4;23,4;21,8;18,6;20,2;21,8;23,4;23,4;23,4;29,1;27,5;21,8;21;;1;1;1;1;1;1;1;1;1;1;1;1;1;1;1;1;1;1;1;1;1;1;1;1;1;1;1;1;1;1;;
41230000;2;01/05/1962;;1;1;28,3;15,6;23,6;3;21;1;1;1;;0;21,8;21,8;28,3;27,5;27,5;22,6;23,4;24,2;26,7;27,5;27,5;26,7;23,4;19,4;23,4;22,6;24,2;26,7;23,4;22,6;15,6;18,6;23,4;23,4;23,4;23,4;21;18,6;23,4;24,2;25,8;1;1;1;1;1;1;1;1;1;1;1;1;1;1;1;1;1;1;1;1;1;1;1;1;1;1;1;1;1;1;1;
41230000;2;01/06/1962;;1;1;28,3;10;19,7;6;30;1;1;1;;0;18,6;23,4;23,4;15,6;21,8;26,7;23,4;23,4;23,4;21;15,6;21;21;21;21;21;21;14,2;19,4;19,4;17;18,6;21;18,6;11,4;20,2;20,2;21,8;15,6;10;;1;1;1;1;1;1;1;1;1;1;1;1;1;1;1;1;1;1;1;1;1;1;1;1;1;1;1;1;1;1;;
41230000;2;01/07/1962;;1;1;18,6;;;4;;1;0;0;;0;17;11,4;17;18,6;17;17;17;;;14,2;15,6;17,8;17,8;17,8;13,5;;13,5;17,8;17;15,6;15,6;10;10,7;17;17;15,6;15,6;15,6;15,6;;10,7;1;1;1;1;1;1;1;0;0;1;1;1;1;1;1;0;1;1;1;1;1;1;1;1;1;1;1;1;1;0;1;
41230000;2;01/08/1962;;1;1;20,2;;;31;;1;0;0;;0;17;17;17;17;17,8;10;14,2;14,2;14,2;14,2;13,5;14,2;;16,3;12,8;;15,6;14,2;13,5;;12,8;14,2;14,9;13,5;12,8;;;11,4;17,8;11,4;20,2;1;1;1;1;1;1;1;1;1;1;1;1;0;1;1;0;1;1;1;0;1;1;1;1;1;0;0;1;1;1;1;
41230000;2;01/09/1962;;1;1;30;;;13;;1;0;0;;0;21,8;23,4;;11,4;;20,2;26,7;12,8;12,1;17;27,5;21;30;30;21,8;22,6;17,8;14,2;12,8;16,3;21;14,9;21;25;18,6;17;15,6;17;17,8;17;;1;1;0;1;0;1;1;1;1;1;1;1;1;1;1;1;1;1;1;1;1;1;1;1;1;1;1;1;1;1;;
41230000;2;01/10/1962;;1;1;47;;;12;;1;0;0;;0;17;18,6;18,6;20,2;20,2;15,6;14,2;;19,4;38,4;36,7;47;42,7;29,1;20,2;21,8;21,8;21,8;20,2;17;15,6;;18,6;18,6;17;20,2;20,2;;10,7;29,1;29,1;1;1;1;1;1;1;1;0;1;1;1;1;1;1;1;1;1;1;1;1;1;0;1;1;1;1;1;0;1;1;1;
41230000;2;01/11/1962;;1;1;55,3;;;10;;1;0;0;;0;23,4;16,3;14,2;14,2;;18,6;21,8;32,5;45,3;55,3;37,5;21,8;23,4;23,4;12,8;11,4;21;21;17,8;21,8;21,8;25,8;33,3;25;21,8;20,2;21;21;19,4;21;;1;1;1;1;0;1;1;1;1;1;1;1;1;1;1;1;1;1;1;1;1;1;1;1;1;1;1;1;1;1;;
41230000;2;01/12/1962;;1;1;361;17;69,6;24;10;1;1;1;;0;26,7;26,7;17,8;21,8;24,2;38,4;30,8;25,8;17,8;17;45,3;39,2;37,5;44,4;170;111;71,6;47;49,6;155;90,4;88;49,6;296;115;110;108;84,4;76,2;73,9;48,8;1;1;1;1;1;1;1;1;1;1;1;1;1;1;1;1;1;1;1;1;1;1;1;1;1;1;1;1;1;1;1;
41230000;2;01/01/1963;;1;1;70,5;14,9;34,5;1;21;1;1;1;;0;65,3;59,1;51,5;45,3;40,1;38,4;37,5;38,4;36,7;33,3;33,3;30,8;21,8;22,6;33,3;33,3;33,3;30;29,1;24,2;14,9;34,1;36,7;36,7;31,6;30;29,1;25;30,8;32,5;30;1;1;1;1;1;1;1;1;1;1;1;1;1;1;1;1;1;1;1;1;1;1;1;1;1;1;1;1;1;1;1;
41230000;2;01/02/1963;;1;1;60,1;15,6;28;17;11;1;1;1;;0;22,6;21,8;28,3;28,3;33,3;35,8;44,4;32,5;33,3;21,8;15,6;18,6;18,6;29,1;29,1;28,3;49,6;33,3;25;18,6;17;32,5;45,3;29,1;18,6;25;22,6;26,7;;;;1;1;1;1;1;1;1;1;1;1;1;1;1;1;1;1;1;1;1;1;1;1;1;1;1;1;1;1;0;0;;
41230000;2;01/03/1963;;1;1;40,1;14,9;20,8;2;25;1;1;1;;0;28,3;34,1;25;25,8;25;21,8;25;23,4;23,4;22,6;17,8;21,8;21,8;21,8;20,2;18,6;18,6;16,3;20,2;18,6;20,2;18,6;18,6;18,6;14,9;16,3;17;17;18,6;18,6;14,9;1;1;1;1;1;1;1;1;1;1;1;1;1;1;1;1;1;1;1;1;1;1;1;1;1;1;1;1;1;1;1;
41230000;2;01/04/1963;;1;1;22,6;;;5;;1;0;0;;0;12,1;17,8;17,8;19,4;22,6;17;13,5;12,1;17,8;18,6;20,2;12,8;;;10,7;17,8;21;18,6;17;15,6;;;14,9;14,2;14,2;14,2;17;16,3;;12,8;;1;1;1;1;1;1;1;1;1;1;1;1;0;0;1;1;1;1;1;1;0;0;1;1;1;1;1;1;0;1;;
41230000;2;01/05/1963;;1;1;;;;;;0;0;0;;0;14,2;14,2;17;14,2;;10,7;12,8;14,2;15,6;17;15,6;;;;;12,1;10,7;10,7;;;11,4;12,1;14,2;;10,7;;;12,8;11,4;11,4;;1;1;1;1;0;1;1;1;1;1;1;0;0;0;0;1;1;1;0;0;1;1;1;0;1;0;0;1;1;1;0;
41230000;2;01/06/1963;;1;1;;;;;;0;0;0;;0;;;;12,8;12,8;16,3;17;11,4;;12,8;14,2;14,2;;;11,4;;;14,2;14,2;15,6;11,4;14,2;11,4;;14,2;12,8;12,8;12,8;10;;;0;0;0;1;1;1;1;1;0;1;1;1;0;0;1;0;0;1;1;1;1;1;1;0;1;1;1;1;1;0;;
41230000;2;01/07/1963;;1;1;17;;;18;;1;0;0;;0;;10;12,8;11,4;11,4;12,8;11,4;11,4;12,8;13,5;12,8;11,4;11,4;10;;10,7;14,2;17;14,2;14,2;;;12,1;10;;10;10;;;;10,7;0;1;1;1;1;1;1;1;1;1;1;1;1;1;0;1;1;1;1;1;0;0;1;1;0;1;1;0;0;0;1;
41230000;2;01/08/1963;;1;1;;;;;;0;0;0;;0;10,7;11,4;11,4;;;11,4;12,8;12,8;12,8;11,4;10;;11,4;14,2;12,8;;10;;10,7;11,4;12,8;12,8;11,4;;;;10,7;11,4;10;10;;1;1;1;0;0;1;1;1;1;1;1;0;1;1;1;0;1;0;1;1;1;1;1;0;0;0;1;1;1;1;0;
41230000;2;01/10/1963;;1;1;;;;;;0;0;0;;0;;;;;;;;;;;;;;;;;;;;;;;;10,7;;13,5;10,7;11,4;10;;;0;0;0;0;0;0;0;0;0;0;0;0;0;0;0;0;0;0;0;0;0;0;0;1;0;1;1;1;1;0;0;
41230000;2;01/11/1963;;1;1;43,5;;;16;;1;0;0;;0;;;;;;;11,4;;;;10,7;19,4;11,4;11,4;11,4;43,5;21,8;;41,8;30;19,4;35;20,2;14,2;11,4;12,8;14,9;18,6;20,2;15,6;;0;0;0;0;0;0;1;0;0;0;1;1;1;1;1;1;1;0;1;1;1;1;1;1;1;1;1;1;1;1;;
41230000;2;01/12/1963;;1;1;;;;;;0;0;0;;0;;;16,3;10,7;10,7;;;;;;;;;;;;;;;;;;;;;;;;;;;0;0;1;1;1;0;0;0;0;0;0;0;0;0;0;0;0;0;0;0;0;0;0;0;0;0;0;0;0;0;0;
41230000;2;01/06/1964;;1;1;13,5;;;30;;1;0;0;;0;;;;;;;;;;;;;;;;;;;;;;;;;12,8;;12,8;10;;13,5;;0;0;0;0;0;0;0;0;0;0;0;0;0;0;0;0;0;0;0;0;0;0;0;0;1;0;1;1;0;1;;
41230000;2;01/07/1964;;1;1;18,6;;;5;;1;0;0;;0;17;12,8;12,8;14,9;18,6;15,6;;12,8;11,4;10;;;;11,4;11,4;11,4;15,6;11,4;12,8;14,2;15,6;12,8;10;11,4;11,4;;;12,8;11,4;11,4;11,4;1;1;1;1;1;1;0;1;1;1;0;0;0;1;1;1;1;1;1;1;1;1;1;1;1;0;0;1;1;1;1;
41230000;2;01/08/1964;;1;1;;;;;;0;0;0;;0;12,8;10;;;11,4;10;;;;;;10;11,4;;;;;10,7;12,1;10;13,5;12,1;;;12,1;13,5;13,5;14,9;16,3;10,7;;1;1;0;0;1;1;0;0;0;0;0;1;1;0;0;0;0;1;1;1;1;1;0;0;1;1;1;1;1;1;0;
41230000;2;01/09/1964;;1;1;;;;;;0;0;0;;0;;10,7;10,7;10,7;;;;;;10,7;10,7;;;;10,7;;10,7;10,7;;;;;;;12,1;;;;;;;0;1;1;1;0;0;0;0;0;1;1;0;0;0;1;0;1;1;0;0;0;0;0;0;1;0;0;0;0;0;;
41230000;2;01/10/1964;;1;1;135;;;18;;1;0;0;;0;;;;;;19,4;30,8;10,7;10;;;;;;;10,7;12,1;135;;;10,7;11,4;;16,3;20,2;12,8;17,8;14,2;13,5;16,3;14,9;0;0;0;0;0;1;1;1;1;0;0;0;0;0;0;1;1;1;0;0;1;1;0;1;1;1;1;1;1;1;1;
41230000;2;01/11/1964;;1;1;91,6;10;28,2;23;13;1;1;1;;0;16,3;20,2;20,2;17;12,8;23,4;25;21,8;14,2;21,8;24,2;11,4;10;12,8;17,8;14,9;35;20,2;47;41,8;69,5;78,5;80,8;37,5;24,2;27,5;25;20,2;18,6;35,8;;1;1;1;1;1;1;1;1;1;1;1;1;1;1;1;1;1;1;1;1;1;1;1;1;1;1;1;1;1;1;;
41230000;2;01/12/1964;;1;1;135;20,2;57,8;19;10;1;1;1;;0;35;39,2;71,6;44,4;46,1;29,1;25;24,2;110;20,2;131;40,1;61,1;20,2;39,2;28,3;23,4;21,8;132;128;47,9;80,8;40,9;95,3;99,2;82;60,1;47;53,4;61,1;55,3;1;1;1;1;1;1;1;1;1;1;1;1;1;1;1;1;1;1;1;1;1;1;1;1;1;1;1;1;1;1;1;
41230000;2;01/01/1965;;1;1;187;36,7;56,6;5;17;1;1;1;;0;76,2;80,8;97,9;62,2;115;71,6;61,1;56,3;85,6;42,7;71,6;61,1;55,3;54,3;41,8;40,1;36,7;37,5;39,2;66,3;61,1;45,3;40,1;36,7;64,3;53,4;38,4;41,8;39,2;40,1;41,8;1;1;1;1;1;1;1;1;1;1;1;1;1;1;1;1;1;1;1;1;1;1;1;1;1;1;1;1;1;1;1;
41230000;2;01/02/1965;;1;1;873;32,5;94,3;18;3;1;1;1;;0;35;33,3;32,5;44,4;37,5;42,7;39,2;40,9;43,5;54,3;125;91,6;64,3;66,3;54,3;99,2;76,2;458;290;140;121;114;92,8;89,2;85,6;108;83,2;78,5;;;;1;1;1;1;1;1;1;1;1;1;1;1;1;1;1;1;1;1;1;1;1;1;1;1;1;1;1;1;0;0;;
41230000;2;01/03/1965;;1;1;228;38,4;65;13;26;1;1;1;;0;64,3;61,1;52,4;51,5;58,2;57,2;48,8;49,6;63,2;91,6;86,8;64,3;206;97,9;71,6;59,1;62,2;64,3;62,2;64,3;57,2;47,9;46,1;42,7;40,9;38,4;96,6;65,3;57,2;45,3;41,8;1;1;1;1;1;1;1;1;1;1;1;1;1;1;1;1;1;1;1;1;1;1;1;1;1;1;1;1;1;1;1;
41230000;2;01/04/1965;;1;1;47;23,4;31;10;25;1;1;1;;0;40,1;38,4;36,7;35;35;37,5;35;30,8;33,3;42,7;30,8;33,3;30;31,6;30;30;28,3;26,7;28,3;26,7;26,7;25;26,7;26,7;23,4;23,4;25,8;25;35;31,6;;1;1;1;1;1;1;1;1;1;1;1;1;1;1;1;1;1;1;1;1;1;1;1;1;1;1;1;1;1;1;;
41230000;2;01/05/1965;;1;1;82;20,2;25,8;19;4;1;1;1;;0;28,3;25,8;21;20,2;25,8;29,1;25;23,4;21,8;27,5;25,8;26,7;26,7;27,5;27,5;30,8;22,6;27,5;58,2;30;25;25;21,8;21;25;21,8;21,8;23,4;21,8;21,8;20,2;1;1;1;1;1;1;1;1;1;1;1;1;1;1;1;1;1;1;1;1;1;1;1;1;1;1;1;1;1;1;1;
41230000;2;01/06/1965;;1;1;26,7;15,6;19,2;2;7;1;1;1;;0;24,2;25,8;20,2;20,2;22,6;20,2;15,6;20,2;18,6;18,6;20,2;20,2;18,6;17,8;18,6;18,6;18,6;17;20,2;20,2;18,6;18,6;20,2;17;17;20,2;16,3;18,6;18,6;15,6;;1;1;1;1;1;1;1;1;1;1;1;1;1;1;1;1;1;1;1;1;1;1;1;1;1;1;1;1;1;1;;
41230000;2;01/07/1965;;1;1;23,4;15,6;17,8;6;29;1;1;1;;0;18,6;18,6;18,6;18,6;19,4;21;19,4;18,6;18,6;20,2;18,6;17;17;17;18,6;18,6;18,6;17;17,8;17;17;17;17;17;17;17,8;17;17;15,6;15,6;15,6;1;1;1;1;1;1;1;1;1;1;1;1;1;1;1;1;1;1;1;1;1;1;1;1;1;1;1;1;1;1;1;
41230000;2;01/08/1965;;1;1;46,1;;;22;;1;0;0;;0;14,2;10;14,2;15,6;15,6;17;17;11,4;10,7;13,5;15,6;15,6;15,6;16,3;14,2;14,2;12,8;14,9;14,9;17;15,6;46,1;15,6;15,6;12,8;19,4;14,2;14,2;;12,1;12,1;1;1;1;1;1;1;1;1;1;1;1;1;1;1;1;1;1;1;1;1;1;1;1;1;1;1;1;1;0;1;1;
41230000;2;01/09/1965;;1;1;19,4;;;28;;1;0;0;;0;15,6;15,6;15,6;15,6;15,6;;14,2;;14,2;15,6;14,2;12,8;;12,8;12,8;12,8;10;;;10;12,8;12,8;12,8;12,8;15,6;14,2;11,4;19,4;14,9;15,6;;1;1;1;1;1;0;1;0;1;1;1;1;0;1;1;1;1;0;0;1;1;1;1;1;1;1;1;1;1;1;;
41230000;2;01/10/1965;;1;1;275;;;30;;1;0;0;;0;21;49,6;17,8;14,2;17;14,2;14,2;14,2;14,2;12,8;;15,6;18,6;14,2;14,2;10,7;;14,9;25;18,6;46,1;22,6;14,2;25,8;25,8;90,4;47,9;24,2;27,5;275;122;1;1;1;1;1;1;1;1;1;1;0;1;1;1;1;1;0;1;1;1;1;1;1;1;1;1;1;1;1;1;1;
41230000;2;01/11/1965;;1;1;86,8;10;31,5;1;7;1;1;1;;0;68,4;40,9;30;17,8;17;14,2;10;12,8;20,2;23,4;21,8;19,4;25,8;28,3;56,3;46,1;47;61,1;30;28,3;26,7;33,3;28,3;25;28,3;25;41,8;61,1;27,5;29,1;;1;1;1;1;1;1;1;1;1;1;1;1;1;1;1;1;1;1;1;1;1;1;1;1;1;1;1;1;1;1;;
41230000;2;01/12/1965;;1;1;91,6;17;29,8;2;27;1;1;1;;0;25;68,4;42,7;41,8;26,7;25;43,5;34,1;40,9;38,4;30;25;21,8;33,3;30;33,3;33,3;26,7;21,8;20,2;21,8;21,8;27,5;30;27,5;21,8;17;21,8;21,8;21,8;30;1;1;1;1;1;1;1;1;1;1;1;1;1;1;1;1;1;1;1;1;1;1;1;1;1;1;1;1;1;1;1;
