//------------------------------------------------------------------------------
//
// Sistema de Informações Hidrológicas
// Versão Web 3.0
// © 2001 Agência Nacional de Águas (ANA)
//
// NivelConsistencia: 1 = Bruto, 2 = Consistido
// MediaDiaria: 0 = Não, 1 = Sim
// MetodoObtencaoVazoes: 1 = Curva de descarga, 2 = Transferência de vazões, 3 = Soma de vazões, 4 = ADCP
// Status: 0 = Branco, 1 = Real, 2 = Estimado, 3 = Duvidoso, 4 = Régua Seca
//
// Restrições da consulta:
//   Código da Estação: 49490000
//
//------------------------------------------------------------------------------

//EstacaoCodigo;NivelConsistencia;Data;Hora;MediaDiaria;MetodoObtencaoVazoes;Maxima;Minima;Media;DiaMaxima;DiaMinima;MaximaStatus;MinimaStatus;MediaStatus;MediaAnual;MediaAnualStatus;Vazao01;Vazao02;Vazao03;Vazao04;Vazao05;Vazao06;Vazao07;Vazao08;Vazao09;Vazao10;Vazao11;Vazao12;Vazao13;Vazao14;Vazao15;Vazao16;Vazao17;Vazao18;Vazao19;Vazao20;Vazao21;Vazao22;Vazao23;Vazao24;Vazao25;Vazao26;Vazao27;Vazao28;Vazao29;Vazao30;Vazao31;Vazao01Status;Vazao02Status;Vazao03Status;Vazao04Status;Vazao05Status;Vazao06Status;Vazao07Status;Vazao08Status;Vazao09Status;Vazao10Status;Vazao11Status;Vazao12Status;Vazao13Status;Vazao14Status;Vazao15Status;Vazao16Status;Vazao17Status;Vazao18Status;Vazao19Status;Vazao20Status;Vazao21Status;Vazao22Status;Vazao23Status;Vazao24Status;Vazao25Status;Vazao26Status;Vazao27Status;Vazao28Status;Vazao29Status;Vazao30Status;Vazao31Status;
49490000;1;01/01/2008;;1;1;0;0;0;1;1;1;1;1;;0;0;0;0;0;0;0;0;0;0;0;0;0;0;0;0;0;0;0;0;0;0;0;0;0;0;0;0;0;0;0;0;1;1;1;1;1;1;1;1;1;1;1;1;1;1;1;1;1;1;1;1;1;1;1;1;1;1;1;1;1;1;1;
49490000;1;01/02/2008;;1;1;;;;;;0;0;0;;0;0;8,92;2,89;1,18;0,347;0,013;;;;;;;;;0;0;0;0;0;0;0;0;0;0;0;0;0;0;0;;;1;1;1;1;1;1;0;0;0;0;0;0;0;0;1;1;1;1;1;1;1;1;1;1;1;1;1;1;1;0;;
49490000;1;01/03/2008;;1;1;;;;;;0;0;0;;0;0;0;0;0;0;0;0;0;0;0;0;0;0;0;;;;;;;;;;;;;;;;;;1;1;1;1;1;1;1;1;1;1;1;1;1;1;0;0;0;0;0;0;0;0;0;0;0;0;0;0;0;0;0;
49490000;1;01/04/2008;;1;1;124,0858;4,583268;;7;30;0;0;0;;0;73,35854;62,2218;;64,37549;41,20761;29,9561;65,30976;58,61544;33,43226;28,49555;24,33395;21,38461;17,80396;14,55264;14,26015;32,32536;26,6716;21,56334;17,64167;14,26015;13,12004;12,29628;11,49935;8,134886;7,280773;6,474241;5,90055;5,442899;5,177218;4,665892;;1;1;0;1;1;1;1;1;1;1;1;1;1;1;1;1;1;1;1;1;1;1;1;1;1;1;1;1;1;1;;
49490000;1;01/05/2008;;1;1;75,02469;16,52655;27,02084;21;31;0;0;1;;0;37,10019;32,10623;28,49555;25,88041;23,02006;19,8097;30,38013;24,90826;22,83535;21,74281;32,32536;28,08499;24,14401;21,92303;19,29818;18,46059;18,13078;17,80396;17,48013;17,15928;66,56599;50,62121;42,96189;36,16523;31,0218;28,49555;25,48931;22,104;19,12917;17,31933;16,68361;1;1;1;1;1;1;1;1;1;1;1;1;1;1;1;1;1;1;1;1;1;1;1;1;1;1;1;1;1;1;1;
49490000;1;01/06/2008;;1;1;20,85291;7,595488;11,54191;3;20;0;0;1;;0;19,46794;19,8097;20,67718;19,8097;19,29818;17,967;16,68361;15,14656;13,97065;12,84247;11,63031;10,47851;9,744154;9,036606;8,579793;8,355851;8,244996;8,025518;7,809015;7,70188;7,595488;7,809015;7,809015;7,809015;7,809015;7,916895;8,579793;9,15267;8,579793;7,916895;;1;1;1;1;1;1;1;1;1;1;1;1;1;1;1;1;1;1;1;1;1;1;1;1;1;1;1;1;1;1;;
49490000;1;01/07/2008;;1;1;19,46794;5,265036;11,75071;19;4;0;0;1;;0;7,280773;6,671414;5,994308;5,353597;6,771116;8,692881;12,02766;15,29691;11,63031;11,11095;10,85573;10,6035;10,35425;10,35425;10,10798;10,10798;9,864684;9,624368;19,29818;18,29531;17,31933;16,52655;15,90576;15,448;14,55264;13,4006;12,70481;12,43171;12,1616;11,89446;11,63031;1;1;1;1;1;1;1;1;1;1;1;1;1;1;1;1;1;1;1;1;1;1;1;1;1;1;1;1;1;1;1;
49490000;1;01/08/2008;;1;1;11,63031;2,570682;5,601031;1;31;0;0;1;;0;11,36914;10,72925;10,23074;9,505327;8,806711;8,134886;7,489839;6,572456;5,90055;5,442899;5,265036;5,090142;5,090142;5,090142;4,918216;4,918216;4,918216;4,918216;4,749259;4,749259;4,749259;4,665892;4,501386;4,181272;3,873021;3,576628;3,154262;2,953075;2,822651;2,695187;2,570682;1;1;1;1;1;1;1;1;1;1;1;1;1;1;1;1;1;1;1;1;1;1;1;1;1;1;1;1;1;1;1;
49490000;1;01/09/2008;;1;1;2,45;0;0,756;1;29;1;1;1;;0;2,39;2,16;1,94;1,78;1,68;1,63;1,54;1,35;1,18;1,02;0,87;0,766;0,701;0,638;0,579;0,495;0,417;0,369;0,325;0,263;0,207;0,158;0,104;0,07;0,029;0,013;0,009;0,003;0;0;;1;1;1;1;1;1;1;1;1;1;1;1;1;1;1;1;1;1;1;1;1;1;1;1;1;1;1;1;1;1;;
49490000;1;01/10/2008;;1;1;0;0;0;1;1;1;1;1;;0;0;0;0;0;0;0;0;0;0;0;0;0;0;0;0;0;0;0;0;0;0;0;0;0;0;0;0;0;0;0;0;1;1;1;1;1;1;1;1;1;1;1;1;1;1;1;1;1;1;1;1;1;1;1;1;1;1;1;1;1;1;1;
49490000;1;01/01/2009;;1;1;0;0;0;1;1;1;1;1;;0;0;0;0;0;0;0;0;0;0;0;0;0;0;0;0;0;0;0;0;0;0;0;0;0;0;0;0;0;0;0;0;1;1;1;1;1;1;1;1;1;1;1;1;1;1;1;1;1;1;1;1;1;1;1;1;1;1;1;1;1;1;1;
49490000;1;01/02/2009;;1;1;0;0;0;1;1;1;1;1;;0;0;0;0;0;0;0;0;0;0;0;0;0;0;0;0;0;0;0;0;0;0;0;0;0;0;0;0;0;;;;1;1;1;1;1;1;1;1;1;1;1;1;1;1;1;1;1;1;1;1;1;1;1;1;1;1;1;1;0;0;0;
49490000;1;01/03/2009;;1;1;0;0;0;1;1;1;1;1;;0;0;0;0;0;0;0;0;0;0;0;0;0;0;0;0;0;0;0;0;0;0;0;0;0;0;0;0;0;0;0;0;1;1;1;1;1;1;1;1;1;1;1;1;1;1;1;1;1;1;1;1;1;1;1;1;1;1;1;1;1;1;1;
49490000;1;01/05/2009;;1;1;82,5792;0;39,1315;27;1;1;1;1;;0;0;0,225;0,4174;0,2626;0,0917;0,0289;0,0014;5,7153;22,104;22,8354;20,8529;18,6266;28,9091;39,4901;78,0711;64,6862;54,8306;49,7996;43,2155;63,1403;80,136;64,3755;52,2847;44,7529;42,2056;40,467;82,5792;78,4134;75,3602;69,1145;70,0826;1;1;1;1;1;1;1;1;1;1;1;1;1;1;1;1;1;1;1;1;1;1;1;1;1;1;1;1;1;1;1;
49490000;1;01/06/2009;;1;1;71,7112;10,8557;28,7882;1;28;1;1;1;;0;71,7112;63,1403;51,7272;34,1054;28,702;24,334;21,923;25,8804;32,7659;62,8334;52,5646;43,9808;38,2858;33,2094;28,4956;24,7161;21,923;21,0294;19,9817;18,6266;17,3193;16,3702;16,0598;15,5998;14,997;13,542;12,1616;10,8557;13,6841;13,12;;1;1;1;1;1;1;1;1;1;1;1;1;1;1;1;1;1;1;1;1;1;1;1;1;1;1;1;1;1;1;0;
49490000;1;01/07/2009;;1;1;19,1292;4,3398;9,9347;5;22;1;1;1;;0;12,8425;12,5679;11,762;10,983;19,1292;17,6417;15,9058;14,406;13,12;11,8945;10,7292;9,7442;8,8067;8,3559;7,9169;7,2808;6,5725;5,7153;5,3536;4,8334;4,5014;4,3398;5,1772;11,4994;13,4006;11,6303;10,3543;8,9213;8,0255;7,4898;7,0747;1;1;1;1;1;1;1;1;1;1;1;1;1;1;1;1;1;1;1;1;1;1;1;1;1;1;1;1;1;1;1;
49490000;1;01/08/2009;;1;1;15,7524;4,3398;8,9872;9;8;1;1;1;;0;6,6714;6,28;5,9006;5,3536;4,8334;5,4429;4,6659;4,3398;15,7524;14,115;12,4317;11,2397;10,4785;9,7442;9,0366;8,1349;13,12;12,2963;11,2397;10,2307;9,5053;8,4675;7,7019;6,7711;8,6929;10,3543;8,3559;7,9169;11,762;9,7442;8,0255;1;1;1;1;1;1;1;1;1;1;1;1;1;1;1;1;1;1;1;1;1;1;1;1;1;1;1;1;1;1;1;
49490000;1;01/09/2009;;1;1;6,7711;0,0515;1,5512;1;30;1;1;1;;0;6,7711;5,6237;4,5833;4,0257;3,5766;3,1543;2,7585;2,2724;1,7311;1,3513;1,1791;1,0577;0,9804;0,9061;0,8347;0,7663;0,7008;0,6382;0,5786;0,5786;0,5219;0,5219;0,4424;0,3032;0,225;0,1585;0,1036;0,0701;0,0701;0,0515;;1;1;1;1;1;1;1;1;1;1;1;1;1;1;1;1;1;1;1;1;1;1;1;1;1;1;1;1;1;1;0;
49490000;1;01/10/2009;;1;1;0,052;0;0,005;1;6;1;1;1;;0;0,052;0,036;0,036;0,017;0,003;0;0;0;0;0;0;0;0;0;0;0;0;0;0;0;0;0;0;0;0;0;0;0;0;0;0;1;1;1;1;1;1;1;1;1;1;1;1;1;1;1;1;1;1;1;1;1;1;1;1;1;1;1;1;1;1;1;
49490000;1;01/11/2009;;1;1;0;0;0;1;1;1;1;1;;0;0;0;0;0;0;0;0;0;0;0;0;0;0;0;0;0;0;0;0;0;0;0;0;0;0;0;0;0;0;0;;1;1;1;1;1;1;1;1;1;1;1;1;1;1;1;1;1;1;1;1;1;1;1;1;1;1;1;1;1;1;0;
49490000;1;01/12/2009;;1;1;0;0;0;1;1;1;1;1;;0;0;0;0;0;0;0;0;0;0;0;0;0;0;0;0;0;0;0;0;0;0;0;0;0;0;0;0;0;0;0;0;1;1;1;1;1;1;1;1;1;1;1;1;1;1;1;1;1;1;1;1;1;1;1;1;1;1;1;1;1;1;1;
49490000;1;01/01/2010;;1;1;1,31;0;0,051;21;1;1;1;1;;0;0;0;0;0;0;0;0;0;0;0;0;0;0;0;0;0;0;0;0;0,017;1,31;0,225;0,023;0,003;0;0;0;0;0;0;0;1;1;1;1;1;1;1;1;1;1;1;1;1;1;1;1;1;1;1;1;1;1;1;1;1;1;1;1;1;1;1;
49490000;1;01/02/2010;;1;1;0;0;0;1;1;1;1;1;;0;0;0;0;0;0;0;0;0;0;0;0;0;0;0;0;0;0;0;0;0;0;0;0;0;0;0;0;0;;;;1;1;1;1;1;1;1;1;1;1;1;1;1;1;1;1;1;1;1;1;1;1;1;1;1;1;1;1;0;0;0;
49490000;1;01/03/2010;;1;1;0;0;0;1;1;1;1;1;;0;0;0;0;0;0;0;0;0;0;0;0;0;0;0;0;0;0;0;0;0;0;0;0;0;0;0;0;0;0;0;0;1;1;1;1;1;1;1;1;1;1;1;1;1;1;1;1;1;1;1;1;1;1;1;1;1;1;1;1;1;1;1;
49490000;1;01/04/2010;;1;1;35,2;0;12,2;11;1;1;1;1;;0;0;0;0;0;0;0;12,8;10,1;6,77;34,1;35,2;27,9;34,8;20,3;30,2;26,3;22,1;20,3;15,6;12,8;11,2;9,27;7,6;6,38;5,35;4,75;3,95;3,15;2,63;2,27;;1;1;1;1;1;1;1;1;1;1;1;1;1;1;1;1;1;1;1;1;1;1;1;1;1;1;1;1;1;1;0;
49490000;1;01/05/2010;;1;1;1,9388;0;0,5737;1;27;1;1;1;;0;1,9388;1,7819;1,6811;1,5832;1,5353;1,4419;1,2637;1,0974;0,9429;0,8001;0,6691;0,5499;0,4424;0,3931;0,3695;0,3245;0,2825;0,174;0,1437;0,1162;0,0917;0,0701;0,0515;0,0228;0,0128;0,0032;0;0;0;0;0;1;1;1;1;1;1;1;1;1;1;1;1;1;1;1;1;1;1;1;1;1;1;1;1;1;1;1;1;1;1;1;
49490000;1;01/06/2010;;1;1;69,1145;0;15,2891;19;1;1;1;1;;0;0;0;0,0014;0,2072;0,6382;1,0187;1,2637;1,1791;1,5832;2,2724;1,8858;1,2637;0,8347;0,5786;0,3931;1,0974;1,9925;3,3621;69,1145;43,9808;34,7853;31,0218;28,2899;26,2745;26,0771;22,4682;19,2982;46,5807;49,2556;41,9549;;1;1;1;1;1;1;1;1;1;1;1;1;1;1;1;1;1;1;1;1;1;1;1;1;1;1;1;1;1;1;0;
49490000;1;01/07/2010;;1;1;37,1002;12,2963;22,1983;1;11;1;1;1;;0;37,1002;32,1062;28,702;24,5246;21,5633;19,1292;17,4801;14,8481;12,9809;12,5679;12,2963;23,0201;36,6312;32,7659;29,117;28,4956;28,4956;26,0771;24,144;21,923;25,6845;21,923;20,6772;19,2982;18,2953;17,3193;15,5998;13,827;18,9609;16,8414;15,7524;1;1;1;1;1;1;1;1;1;1;1;1;1;1;1;1;1;1;1;1;1;1;1;1;1;1;1;1;1;1;1;
49490000;1;01/08/2010;;1;1;14,115;2,4491;5,1184;1;21;1;1;1;;0;14,115;12,4317;11,1109;9,8647;8,6929;7,9169;7,2808;6,5725;5,8075;5,6237;5,4429;5,1772;4,6659;4,1813;3,7233;3,1543;2,9531;2,8227;2,6952;2,5707;2,4491;2,8227;3,4329;3,3621;3,2228;3,0865;2,9531;2,8227;2,6952;2,5707;2,4491;1;1;1;1;1;1;1;1;1;1;1;1;1;1;1;1;1;1;1;1;1;1;1;1;1;1;1;1;1;1;1;
49490000;1;01/09/2010;;1;1;5,0901;0,0515;1,9989;3;30;1;1;1;;0;2,2149;2,1022;5,0901;4,9182;4,6659;4,3398;4,0257;3,7233;3,4329;3,1543;2,8875;2,6326;2,3895;2,1582;1,9388;1,7311;1,5353;1,3513;1,1791;1,0187;0,87;0,7332;0,6081;0,4424;0,3032;0,1902;0,1162;0,0917;0,0701;0,0515;;1;1;1;1;1;1;1;1;1;1;1;1;1;1;1;1;1;1;1;1;1;1;1;1;1;1;1;1;1;1;0;
49490000;1;01/10/2010;;1;1;6,4742;0;1,3123;26;9;1;1;1;;0;0,0357;0,0289;0,0228;0,0128;0,0089;0,0057;0,0014;0,0003;0;0;0;0;0;0;0;0;0;0;0;4,2602;0,5786;0,225;0,1296;2,4491;3,2921;6,4742;5,9006;5,3536;4,8334;4,1813;2,8875;1;1;1;1;1;1;1;1;1;1;1;1;1;1;1;1;1;1;1;1;1;1;1;1;1;1;1;1;1;1;1;
49490000;1;01/11/2010;;1;1;1,94;0;0,229;1;14;1;1;1;;0;1,94;1,58;1,06;0,733;0,55;0,393;0,263;0,159;0,092;0,07;0,036;0,009;0;0;0;0;0;0;0;0;0;0;0;0;0;0;0;0;0;0;;1;1;1;1;1;1;1;1;1;1;1;1;1;1;1;1;1;1;1;1;1;1;1;1;1;1;1;1;1;1;0;
49490000;1;01/12/2010;;1;1;0;0;0;1;1;1;1;1;;0;0;0;0;0;0;0;0;0;0;0;0;0;0;0;0;0;0;0;0;0;0;0;0;0;0;0;0;0;0;0;0;1;1;1;1;1;1;1;1;1;1;1;1;1;1;1;1;1;1;1;1;1;1;1;1;1;1;1;1;1;1;1;
49490000;1;01/01/2011;;1;1;0;0;0;1;1;1;1;1;;0;0;0;0;0;0;0;0;0;0;0;0;0;0;0;0;0;0;0;0;0;0;0;0;0;0;0;0;0;0;0;0;1;1;1;1;1;1;1;1;1;1;1;1;1;1;1;1;1;1;1;1;1;1;1;1;1;1;1;1;1;1;1;
49490000;1;01/02/2011;;1;1;0;0;0;1;1;1;1;1;;0;0;0;0;0;0;0;0;0;0;0;0;0;0;0;0;0;0;0;0;0;0;0;0;0;0;0;0;0;;;;1;1;1;1;1;1;1;1;1;1;1;1;1;1;1;1;1;1;1;1;1;1;1;1;1;1;1;1;0;0;0;
49490000;1;01/03/2011;;1;1;36,6;0;3,15;15;1;1;1;1;;0;0;0;0;0;0;0;0;0;0;0;0;0;0;0;36,6;5,44;4,67;3,95;3,22;2,7;2,1;1,63;1,26;1,02;0,733;0,495;0,303;10,2;8,92;7,81;6,57;1;1;1;1;1;1;1;1;1;1;1;1;1;1;1;1;1;1;1;1;1;1;1;1;1;1;1;1;1;1;1;
49490000;1;01/04/2011;;1;1;;;;;;0;0;0;;0;5,9006;5,3536;4,8334;4,3398;3,873;3,4329;3,0194;2,6326;2,2724;1,9925;1,6318;1,3513;1,1791;0,9429;0,7332;0,5786;0,3931;0,225;48,4453;44,2374;41,7051;39,2477;36,8653;35,0134;33,4323;32,1062;30,8072;29,5351;28,2899;;;1;1;1;1;1;1;1;1;1;1;1;1;1;1;1;1;1;1;1;1;1;1;1;1;1;1;1;1;1;0;0;
49490000;1;01/05/2011;;1;1;27,0717;2,7585;12,8396;1;31;1;1;1;;0;27,0717;25,8804;24,7161;23,5787;22,2857;21,0294;19,9817;18,9609;17,967;17;16,0598;15,1466;14,2602;13,4006;12,5679;11,762;10,983;10,2307;9,5053;8,8067;8,1349;7,3849;6,6714;6,0888;5,5329;5,0038;4,5014;4,0257;3,5766;3,1543;2,7585;1;1;1;1;1;1;1;1;1;1;1;1;1;1;1;1;1;1;1;1;1;1;1;1;1;1;1;1;1;1;1;
49490000;1;01/06/2011;;1;1;39,4901;2,8875;16,3748;1;29;;;1;;0;39,4901;37,3358;35,0134;32,7659;30,5933;28,9091;26,8713;25,2949;23,3917;21,923;20,1544;18,4606;17,1593;15,9058;14,7;13,2599;12,1616;11,1109;10,108;8,9213;7,809;6,9727;5,9943;5,3536;4,7493;4,1813;3,7233;3,1543;2,8875;2,8875;;;;;;;;;;;;;;;;;;;;;;;;;;;;;;;1;0;
49490000;1;01/07/2011;;1;1;9,8647;1,0187;3,956;13;9;1;1;1;;0;2,3895;2,1582;1,9388;1,7819;1,4419;1,3072;1,4419;1,2637;1,0187;2,1022;3,5044;7,1774;9,8647;8,5798;7,1774;6,5725;7,0747;6,8716;7,0747;7,4898;6,7711;5,8075;4,3398;1,3513;1,2637;1,3072;1,3962;1,3962;1,3962;1,3513;8,0255;1;1;1;1;1;1;1;1;1;1;1;1;1;1;1;1;1;1;1;1;1;1;1;1;1;1;1;1;1;1;1;
49490000;1;01/08/2011;;1;1;12,0277;0,5786;3,6329;3;31;1;1;1;;0;9,6244;8,8067;12,0277;10,983;8,8067;6,8716;6,8716;4,9182;4,4202;4,0257;3,5766;3,0865;2,5707;2,5095;2,2149;1,7311;2,1022;1,7311;1,5832;1,5353;1,5832;1,4882;1,3072;1,1791;1,3513;1,2637;1,1791;1,0577;0,87;0,7663;0,5786;1;1;1;1;1;1;1;1;1;1;1;1;1;1;1;1;1;1;1;1;1;1;1;1;1;1;1;1;1;1;1;
49490000;1;01/09/2011;;1;1;3,949;0,1036;1,0416;20;13;;;1;;0;0,4424;0,2825;0,3032;1,7311;1,2211;0,87;0,7332;0,5499;0,3466;0,3245;0,2626;0,1902;0,1036;0,1437;0,1902;0,225;1,2211;2,8875;2,9531;3,949;2,5095;1,6811;1,3072;1,8858;1,3962;1,1379;0,87;0,6691;0,4682;0,3931;;;;;;;;;;;;;;;;;;;;;;;;;;;;;;;;0;
49490000;1;01/10/2011;;1;1;2,1582;0;0,1468;21;14;;;1;;0;0,225;0,1437;0,1036;0,1036;0,0604;0,0604;0,0174;0,0089;0,0174;0,0057;0,0128;0,0032;0,0014;0;0;0;0;0;0;0,0289;2,1582;0,8347;0,3931;0,2072;0,0917;0,0432;0,0174;0,0089;0,0032;0,0003;0;;;;;;;;;;;;;;;;;;;;;;;;;;;;;;;;
49490000;1;01/11/2011;;1;1;0,669;0;0,072;6;1;1;1;1;;0;0;0;0;0,006;0,495;0,669;0,417;0,225;0,13;0,06;0,06;0,043;0,029;0,017;0,001;0;0;0;0;0;0;0;0;0;0;0;0;0;0;0;;1;1;1;1;1;1;1;1;1;1;1;1;1;1;1;1;1;1;1;1;1;1;1;1;1;1;1;1;1;1;0;
49490000;1;01/12/2011;;1;1;0;0;0;1;1;1;1;1;;0;0;0;0;0;0;0;0;0;0;0;0;0;0;0;0;0;0;0;0;0;0;0;0;0;0;0;0;0;0;0;0;1;1;1;1;1;1;1;1;1;1;1;1;1;1;1;1;1;1;1;1;1;1;1;1;1;1;1;1;1;1;1;
49490000;1;01/01/2012;;1;1;0;0;0;1;1;1;1;1;;0;0;0;0;0;0;0;0;0;0;0;0;0;0;0;0;0;0;0;0;0;0;0;0;0;0;0;0;0;0;0;0;1;1;1;1;1;1;1;1;1;1;1;1;1;1;1;1;1;1;1;1;1;1;1;1;1;1;1;1;1;1;1;
49490000;1;01/02/2012;;1;1;0;0;0;1;1;1;1;1;;0;0;0;0;0;0;0;0;0;0;0;0;0;0;0;0;0;0;0;0;0;0;0;0;0;0;0;0;0;0;;;1;1;1;1;1;1;1;1;1;1;1;1;1;1;1;1;1;1;1;1;1;1;1;1;1;1;1;1;1;0;0;
49490000;1;01/03/2012;;1;1;0;0;0;1;1;1;1;1;;0;0;0;0;0;0;0;0;0;0;0;0;0;0;0;0;0;0;0;0;0;0;0;0;0;0;0;0;0;0;0;0;1;1;1;1;1;1;1;1;1;1;1;1;1;1;1;1;1;1;1;1;1;1;1;1;1;1;1;1;1;1;1;
49490000;1;01/04/2012;;1;1;0;0;0;1;1;1;1;1;;0;0;0;0;0;0;0;0;0;0;0;0;0;0;0;0;0;0;0;0;0;0;0;0;0;0;0;0;0;0;0;;1;1;1;1;1;1;1;1;1;1;1;1;1;1;1;1;1;1;1;1;1;1;1;1;1;1;1;1;1;1;0;
49490000;1;01/05/2012;;1;1;0;0;0;1;1;1;1;1;;0;0;0;0;0;0;0;0;0;0;0;0;0;0;0;0;0;0;0;0;0;0;0;0;0;0;0;0;0;0;0;0;1;1;1;1;1;1;1;1;1;1;1;1;1;1;1;1;1;1;1;1;1;1;1;1;1;1;1;1;1;1;1;
49490000;1;01/06/2012;;1;1;0;0;0;1;1;1;1;1;;0;0;0;0;0;0;0;0;0;0;0;0;0;0;0;0;0;0;0;0;0;0;0;0;0;0;0;0;0;0;0;;1;1;1;1;1;1;1;1;1;1;1;1;1;1;1;1;1;1;1;1;1;1;1;1;1;1;1;1;1;1;0;
49490000;1;01/07/2012;;1;1;0,009;0;0;29;1;1;1;1;;0;0;0;0;0;0;0;0;0;0;0;0;0;0;0;0;0;0;0;0;0;0;0;0;0;0;0;0;0;0,009;0;0;1;1;1;1;1;1;1;1;1;1;1;1;1;1;1;1;1;1;1;1;1;1;1;1;1;1;1;1;1;1;1;
49490000;1;01/08/2012;;1;1;0;0;0;1;1;1;1;1;;0;0;0;0;0;0;0;0;0;0;0;0;0;0;0;0;0;0;0;0;0;0;0;0;0;0;0;0;0;0;0;0;1;1;1;1;1;1;1;1;1;1;1;1;1;1;1;1;1;1;1;1;1;1;1;1;1;1;1;1;1;1;1;
49490000;1;01/09/2012;;1;1;0;0;0;1;1;1;1;1;;0;0;0;0;0;0;0;0;0;0;0;0;0;0;0;0;0;0;0;0;0;0;0;0;0;0;0;0;0;0;0;;1;1;1;1;1;1;1;1;1;1;1;1;1;1;1;1;1;1;1;1;1;1;1;1;1;1;1;1;1;1;0;
49490000;1;01/10/2012;;1;1;0;0;0;1;1;1;1;1;;0;0;0;0;0;0;0;0;0;0;0;0;0;0;0;0;0;0;0;0;0;0;0;0;0;0;0;0;0;0;0;0;1;1;1;1;1;1;1;1;1;1;1;1;1;1;1;1;1;1;1;1;1;1;1;1;1;1;1;1;1;1;1;
49490000;1;01/11/2012;;1;1;0;0;0;1;1;1;1;1;;0;0;0;0;0;0;0;0;0;0;0;0;0;0;0;0;0;0;0;0;0;0;0;0;0;0;0;0;0;0;0;;1;1;1;1;1;1;1;1;1;1;1;1;1;1;1;1;1;1;1;1;1;1;1;1;1;1;1;1;1;1;0;
49490000;1;01/12/2012;;1;1;0;0;0;1;1;1;1;1;;0;0;0;0;0;0;0;0;0;0;0;0;0;0;0;0;0;0;0;0;0;0;0;0;0;0;0;0;0;0;0;0;1;1;1;1;1;1;1;1;1;1;1;1;1;1;1;1;1;1;1;1;1;1;1;1;1;1;1;1;1;1;1;
49490000;1;01/01/2013;;1;1;0;0;0;1;1;1;1;1;;0;0;0;0;0;0;0;0;0;0;0;0;0;0;0;0;0;0;0;0;0;0;0;0;0;0;0;0;0;0;0;0;1;1;1;1;1;1;1;1;1;1;1;1;1;1;1;1;1;1;1;1;1;1;1;1;1;1;1;1;1;1;1;
49490000;1;01/02/2013;;1;1;0;0;0;1;1;1;1;1;;0;0;0;0;0;0;0;0;0;0;0;0;0;0;0;0;0;0;0;0;0;0;0;0;0;0;0;0;0;;;;1;1;1;1;1;1;1;1;1;1;1;1;1;1;1;1;1;1;1;1;1;1;1;1;1;1;1;1;0;0;0;
49490000;1;01/03/2013;;1;1;0;0;0;1;1;1;1;1;;0;0;0;0;0;0;0;0;0;0;0;0;0;0;0;0;0;0;0;0;0;0;0;0;0;0;0;0;0;0;0;0;1;1;1;1;1;1;1;1;1;1;1;1;1;1;1;1;1;1;1;1;1;1;1;1;1;1;1;1;1;1;1;
49490000;1;01/05/2013;;1;1;0,4682;0;0,0184;18;1;1;4;1;;0;0;0;0;0;0;0;0;0;0;0;0;0;0;0;0;0,1036;0;0,4682;0;0;0;0;0;0;0;0;0;0;0;0;0;4;4;4;4;4;4;4;4;4;4;4;4;4;4;4;1;1;1;4;4;4;4;4;4;4;4;4;4;4;4;4;
49490000;1;01/08/2013;;1;1;0;0;0;1;1;4;4;1;;0;0;0;0;0;0;0;0;0;0;0;0;0;0;0;0;0;0;0;0;0;0;0;0;0;0;0;0;0;0;0;0;4;4;4;4;4;4;4;4;4;4;4;4;4;4;4;4;4;4;4;4;4;4;4;4;4;4;4;4;4;4;4;
49490000;1;01/09/2013;;1;1;0;0;0;1;1;4;4;1;;0;0;0;0;0;0;0;0;0;0;0;0;0;0;0;0;0;0;0;0;0;0;0;0;0;0;0;0;0;0;0;;4;4;4;4;4;4;4;4;4;4;4;4;4;4;4;4;4;4;4;4;4;4;4;4;4;4;4;4;4;4;0;
49490000;1;01/10/2013;;1;1;2,047;0;0,1156;13;1;1;4;1;;0;0;0;0;0;0;0;0;0;0;0;0;1,5353;2,047;0;0;0;0;0;0;0;0;0;0;0;0;0;0;0;0;0;0;4;4;4;4;4;4;4;4;4;4;4;1;1;4;4;4;4;4;4;4;4;4;4;4;4;4;4;4;4;4;4;
49490000;1;01/11/2013;;1;1;0;0;0;1;1;4;4;1;;0;0;0;0;0;0;0;0;0;0;0;0;0;0;0;0;0;0;0;0;0;0;0;0;0;0;0;0;0;0;0;;4;4;4;4;4;4;4;4;4;4;4;4;4;4;4;4;4;4;4;4;4;4;4;4;4;4;4;4;4;4;0;
49490000;1;01/12/2013;;1;1;;;;;;0;0;0;;0;;;;;;;;;;;;;;;;;;;;5,4429;11,6303;;;;;;;;;;;4;4;4;4;4;4;4;4;4;4;4;4;4;4;4;4;4;4;4;1;1;4;4;4;4;4;4;4;4;4;4;
49490000;1;01/01/2014;;1;1;0;0;0;1;1;4;4;1;;0;0;0;0;0;0;0;0;0;0;0;0;0;0;0;0;0;0;0;0;0;0;0;0;0;0;0;0;0;0;0;0;4;4;4;4;4;4;4;4;4;4;4;4;4;4;4;4;4;4;4;4;4;4;4;4;4;4;4;4;4;4;4;
49490000;1;01/05/2014;;1;1;0;0;0;1;1;4;4;1;;0;0;0;0;0;0;0;0;0;0;0;0;0;0;0;0;0;0;0;0;0;0;0;0;0;0;0;0;0;0;0;0;4;4;4;4;4;4;4;4;4;4;4;4;4;4;4;4;4;4;4;4;4;4;4;4;4;4;4;4;4;4;4;
49490000;1;01/08/2014;;1;1;4,1031;0;0,3414;8;1;1;4;1;;0;0;0;0;0;0;0;0;4,1031;2,8227;2,8227;0,8347;0;0;0;0;0;0;0;0;0;0;0;0;0;0;0;0;0;0;0;0;4;4;4;4;4;4;4;1;1;1;1;4;4;4;4;4;4;4;4;4;4;4;4;4;4;4;4;4;4;4;4;
49490000;1;01/10/2014;;1;1;2,9531;0;0,2537;8;1;1;4;1;;0;0;0;0;0;0;0;2,6952;2,9531;2,2149;0;0;0;0;0;0;0;0;0;0;0;0;0;0;0;0;0;0;0;0;0;0;4;4;4;4;4;4;1;1;1;4;4;4;4;4;4;4;4;4;4;4;4;4;4;4;4;4;4;4;4;4;4;
49490000;1;01/11/2014;;1;1;24,7;0;1,45;19;1;1;1;1;;0;0;0;0;0;0;0;0;0;0;0;0;0;0;0;0;0;9,86;2,82;24,7;6,18;0,036;0;0;0;0;0;0;0;0;0;;1;1;1;1;1;1;1;1;1;1;1;1;1;1;1;1;1;1;1;1;1;1;1;1;1;1;1;1;1;1;0;
49490000;1;01/01/2016;;1;1;0;0;0;1;1;4;4;1;;0;0;0;0;0;0;0;0;0;0;0;0;0;0;0;0;0;0;0;0;0;0;0;0;0;0;0;0;0;0;0;0;4;4;4;4;4;4;4;4;4;4;4;4;4;4;4;4;4;4;4;4;4;4;4;4;4;4;1;4;4;4;4;
49490000;1;01/02/2016;;1;1;0;0;0;1;1;4;4;1;;0;0;0;0;0;0;0;0;0;0;0;0;0;0;0;0;0;0;0;0;0;0;0;0;0;0;0;0;0;0;;;4;1;4;4;4;4;4;4;4;4;4;4;4;4;4;4;4;4;4;4;4;4;4;4;4;4;4;4;4;0;0;
49490000;1;01/03/2016;;1;1;0;0;0;1;1;4;4;1;;0;0;0;0;0;0;0;0;0;0;0;0;0;0;0;0;0;0;0;0;0;0;0;0;0;0;0;0;0;0;0;0;4;4;4;4;4;4;4;4;4;4;4;4;4;4;4;4;4;4;4;4;4;4;4;4;4;4;4;4;4;4;4;
49490000;1;01/04/2016;;1;1;0;0;0;1;1;4;4;1;;0;0;0;0;0;0;0;0;0;0;0;0;0;0;0;0;0;0;0;0;0;0;0;0;0;0;0;0;0;0;0;;4;4;4;4;4;4;4;4;4;4;4;4;4;4;4;4;4;4;4;4;4;4;4;4;4;4;4;4;4;4;0;
49490000;1;01/05/2016;;1;1;0;0;0;1;1;4;4;1;;0;0;0;0;0;0;0;0;0;0;0;0;0;0;0;0;0;0;0;0;0;0;0;0;0;0;0;0;0;0;0;0;4;4;4;4;4;4;4;4;4;4;4;4;4;4;4;4;4;4;4;4;4;4;4;4;4;1;1;1;1;1;1;
49490000;1;01/06/2016;;1;1;0;0;0;1;1;4;4;1;;0;0;0;0;0;0;0;0;0;0;0;0;0;0;0;0;0;0;0;0;0;0;0;0;0;0;0;0;0;0;0;;4;4;4;4;4;4;4;4;4;4;4;4;4;4;4;4;4;4;4;4;4;4;4;4;4;4;4;4;4;4;0;
49490000;1;01/08/2016;;1;1;0;0;0;1;1;4;4;1;;0;0;0;0;0;0;0;0;0;0;0;0;0;0;0;0;0;0;0;0;0;0;0;0;0;0;0;0;0;0;0;0;4;4;4;4;4;4;4;4;4;4;4;4;4;4;4;4;4;4;4;4;4;4;4;4;4;4;4;4;4;4;4;
49490000;1;01/09/2016;;1;1;0;0;0;1;1;4;4;1;;0;0;0;0;0;0;0;0;0;0;0;0;0;0;0;0;0;0;0;0;0;0;0;0;0;0;0;0;0;0;0;;4;4;4;4;4;4;4;4;4;4;4;4;4;4;4;4;4;4;4;4;4;4;4;4;4;4;4;4;4;4;0;
49490000;1;01/10/2016;;1;1;0;0;0;1;1;4;4;1;;0;0;0;0;0;0;0;0;0;0;0;0;0;0;0;0;0;0;0;0;0;0;0;0;0;0;0;0;0;0;0;0;4;4;4;4;4;4;4;4;4;4;4;4;4;4;4;4;4;4;4;4;4;4;4;4;4;4;4;4;4;4;4;
49490000;1;01/11/2016;;1;1;0;0;0;1;1;4;4;1;;0;0;0;0;0;0;0;0;0;0;0;0;0;0;0;0;0;0;0;0;0;0;0;0;0;0;0;0;0;0;0;;4;4;4;4;4;4;4;4;4;4;4;4;4;4;4;4;4;4;4;4;4;4;4;4;4;4;4;4;4;4;0;
49490000;2;01/01/1977;;1;1;;;;;;0;0;0;;0;;;;;;;;;1,0178;0,9533;0,7803;0,6806;0,6806;0,6806;0,6806;0,6806;0,6806;0,6806;0,6806;0,6806;1,158;1,4887;1,4887;1,3145;1,158;0,9533;19,1292;25,2949;28,4956;40,2217;47,9088;;;;;;;;;1;1;1;1;1;1;1;1;1;1;1;1;1;1;1;1;1;1;1;1;1;1;1;
49490000;2;01/02/1977;;1;1;;;;;;0;0;0;;0;7,5955;6,7711;6,1841;5,8075;5,265;4,5833;4,4202;3,6496;2,4491;1,6822;1,4887;1,3145;1,158;1,0178;0,9533;0,9533;0,6806;0,5134;0,3827;0,2815;0,2215;0,1458;;;;;;;;;;1;1;1;1;1;1;1;1;1;1;1;1;1;1;1;1;1;1;1;1;1;1;255;;;;;;;;;
49490000;2;01/03/1977;;1;1;;;;;;0;0;0;;0;;;;;;;;;;;;;;;;;;;;4,1031;2,9531;2,2149;1,3993;1,086;0,9533;1,158;1,158;0,9533;0,8347;0,729;0,6806;;;;;;;;;;;;;;;;;;;;1;1;1;1;1;1;1;1;1;1;1;1;
49490000;2;01/04/1977;;1;1;5,9943;0,4439;2,3705;1;17;1;1;1;;0;5,9943;3,7978;3,5044;3,2228;2,8227;2,5707;2,3305;1,9925;1,7868;1,6822;1,5829;1,3993;1,2341;1,0178;0,7803;0,592;0,4439;4,4202;3,949;3,3621;2,9531;2,6952;2,6952;2,5707;2,4491;2,2149;1,9925;1,8858;1,6822;1,4887;;1;1;1;1;1;1;1;1;1;1;1;1;1;1;1;1;1;1;1;1;1;1;1;1;1;1;1;1;1;1;;
49490000;2;01/05/1977;;1;1;35,0134;1,0178;11,1203;21;20;1;1;1;;0;1,3145;5,265;4,9182;4,2602;4,1031;3,7978;3,5044;3,2228;3,0865;2,9531;2,6952;2,4491;2,2149;1,9925;1,7868;1,4887;1,3145;1,158;1,086;1,0178;35,0134;33,2094;31,4533;29,7452;28,085;26,4727;24,9083;23,3917;21,2066;19,8097;17,804;1;1;1;1;1;1;1;1;1;1;1;1;1;1;1;1;1;1;1;1;1;1;1;1;1;1;1;1;1;1;1;
49490000;2;01/06/1977;;1;1;75,0247;10,8557;41,115;9;8;1;1;1;;0;16,2147;15,5998;14,997;14,406;13,542;12,4317;11,6303;10,8557;75,0247;73,0276;71,0575;69,7592;65,3098;61,6132;60,4051;58,0249;55,6928;53,4087;51,1727;49,5272;46,8448;45,2714;43,2155;40,7131;38,7652;36,8653;34,5579;32,3254;31,0218;30,1677;;1;1;1;1;1;1;1;1;1;1;1;1;1;1;1;1;1;1;1;1;1;1;1;1;1;1;1;1;1;1;;
49490000;2;01/07/1977;;1;1;82,5792;31,0218;54,7237;11;1;1;1;1;;0;31,0218;34,1054;33,2094;32,7659;34,5579;33,6559;32,7659;62,2218;62,2218;62,2218;82,5792;80,4827;78,4134;77,0489;75,6964;74,356;73,0276;70,4068;68,4729;63,448;59,209;56,8528;55,6928;53,4087;51,1727;48,9847;46,8448;44,7529;41,2076;38,7652;36,8653;1;1;1;1;1;1;1;1;1;1;1;1;1;1;1;1;1;1;1;1;1;1;1;1;1;1;1;1;1;1;1;
49490000;2;01/08/1977;;1;1;34,5579;1,158;9,1678;1;31;1;1;1;;0;34,5579;30,5933;21,2066;15,9058;15,2969;14,406;13,542;12,4317;11,3691;10,3543;9,387;8,9213;8,0255;6,9727;6,7711;6,5725;6,5725;6,1841;5,8075;5,8075;5,265;4,5833;4,1031;3,7978;3,3621;3,0865;2,5707;2,2149;1,8858;1,4887;1,158;1;1;1;1;1;1;1;1;1;1;1;1;1;1;1;1;1;1;1;1;1;1;1;1;1;1;1;1;1;1;1;
49490000;2;01/09/1977;;1;1;15,9058;0,5134;4,3506;5;4;1;1;1;;0;1,0178;0,8923;0,6806;0,5134;15,9058;14,7;13,542;12,4317;11,3691;10,3543;9,387;8,9213;6,9727;4,1031;2,4491;1,4887;1,3993;1,3993;1,3993;1,3145;1,2341;1,2341;1,158;1,086;1,086;1,0178;0,9533;0,8923;0,8347;0,7803;;1;1;1;1;1;1;1;1;1;1;1;1;1;1;1;1;1;1;1;1;1;1;1;1;1;1;1;1;1;1;;
49490000;2;01/10/1977;;1;1;;;;;;0;0;0;;0;0,729;0,6806;0,6806;0,635;0,592;0,5515;0,4776;0,4123;0,3548;0,2601;0,2215;;;;;;;;;;;;;;;;;;;;;1;1;1;1;1;1;1;1;1;1;1;;;;;;;;;;;;;;;;;;;;;
49490000;2;01/12/1977;;1;1;;;;;;0;0;0;;0;;;;;;;;;;;;;;;;;;;;;;;;;;;;;;;;;;;;;;;;;;;;;;;;;;;;255;255;255;255;255;255;255;255;255;255;;
49490000;2;01/02/1978;;1;1;;;;;;0;0;0;;0;;;;;;;;;;;;;;;;;1,086;2,8227;4,4202;3,949;3,6496;3,0865;2,8227;2,3305;1,8858;1,7868;1,6822;1,5829;;;;;;;;;;255;255;255;255;255;255;255;255;255;255;1;1;1;1;1;1;1;1;1;1;1;1;;;;
49490000;2;01/03/1978;;1;1;388,6274;16,2147;89,1484;7;31;1;1;1;;0;27,2729;101,8833;138,2802;101,1032;114,775;220,848;388,6274;200,5839;115,6064;69,1145;45,7929;74,356;80,4827;88,3021;69,7592;50,0727;336,8771;126,6884;77,0489;51,1727;39,2477;32,7659;28,4956;26,4727;24,9083;23,0201;20,8529;31,4533;23,3917;18,1308;16,2147;1;1;1;1;1;1;1;1;1;1;1;1;1;1;1;1;1;1;1;1;1;1;1;1;1;1;1;1;1;1;1;
49490000;2;01/04/1978;;1;1;52,8452;4,9182;14,7688;12;25;1;1;1;;0;14,406;12,9809;11,8945;11,1109;10,3543;11,8945;14,7;44,7529;24,144;19,1292;16,5265;52,8452;30,1677;21,923;17,4801;14,7;12,9809;11,3691;9,387;8,245;7,1774;6,5725;5,9943;5,4429;4,9182;5,9943;11,1109;8,0255;6,9727;9,8647;;1;1;1;1;1;1;1;1;1;1;1;1;1;1;1;1;1;1;1;1;1;1;1;1;1;1;1;1;1;1;;
49490000;2;01/05/1978;;1;1;47,3753;4,2602;14,2883;15;11;1;1;1;;0;9,8647;11,8945;9,6244;7,5955;12,4317;8,245;7,1774;7,1774;5,8075;4,5833;4,2602;5,6237;12,1616;31,8878;47,3753;45,2714;45,2714;33,2094;23,7664;15,9058;14,7;12,9809;10,6035;9,387;8,4675;7,5955;6,7711;6,5725;6,1841;5,6237;4,9182;1;1;1;1;1;1;1;1;1;1;1;1;1;1;1;1;1;1;1;1;1;1;1;1;1;1;1;1;1;1;1;
49490000;2;01/06/1978;;1;1;16,2147;1,3145;6,1341;28;12;1;1;1;;0;4,2602;3,949;3,6496;3,3621;3,0865;2,8227;2,4491;2,2149;1,9925;1,8858;1,6822;1,3145;8,245;7,5955;6,7711;11,3691;10,8557;8,9213;8,0255;7,5955;6,9727;6,3768;5,6237;4,9182;4,2602;3,6496;3,3621;16,2147;15,5998;14,997;;1;1;1;1;1;1;1;1;1;1;1;1;1;1;1;1;1;1;1;1;1;1;1;1;1;1;1;1;1;1;;
49490000;2;01/07/1978;;1;1;14,115;2,9531;7,3866;1;31;1;1;1;;0;14,115;13,2599;12,9809;12,4317;11,8945;11,3691;10,8557;10,3543;9,387;8,4675;7,5955;6,7711;5,9943;5,6237;5,265;4,9182;4,5833;8,245;7,5955;6,9727;6,5725;6,1841;5,8075;5,265;4,9182;4,4202;3,949;3,6496;3,3621;3,2228;2,9531;1;1;1;1;1;1;1;1;1;1;1;1;1;1;1;1;1;1;1;1;1;1;1;1;1;1;1;1;1;1;1;
49490000;2;01/08/1978;;1;1;16,2147;1,2341;5,3606;1;31;1;1;1;;0;16,2147;12,9809;11,8945;11,1109;10,3543;9,387;8,9213;8,245;7,3849;6,9727;6,3768;5,6237;4,9182;4,4202;4,1031;3,6496;3,2228;2,9531;2,6952;2,5707;2,3305;2,1022;1,9925;1,7868;2,3305;2,6952;2,3305;2,1022;1,7868;1,4887;1,2341;1;1;1;1;1;1;1;1;1;1;1;1;1;1;1;1;1;1;1;1;1;1;1;1;1;1;1;1;1;1;1;
49490000;2;01/09/1978;;1;1;1,9925;0,2215;1,0054;27;13;1;1;1;;0;1,086;0,9533;1,3145;1,4887;1,2341;1,086;0,9533;0,8347;0,6806;0,592;0,5134;0,3288;0,2215;0,2215;1,7868;1,5829;1,3993;1,2341;1,158;1,0178;0,8923;0,729;0,635;0,5515;0,5134;0,4776;1,9925;1,7868;1,5829;1,3145;;1;1;1;1;1;1;1;1;1;1;1;1;1;1;1;1;1;1;1;1;1;1;1;1;1;1;1;1;1;1;;
49490000;2;01/10/1978;;1;1;;;;;;0;0;0;;0;1,158;0,9533;0,7803;0,6806;0,5134;0,4776;0,2215;;;;;;;;;;;;;;;;;;;;;;;;;1;1;1;1;1;1;1;;;;;;;;;;;;;;;;;;;;;;;;;
49490000;2;01/12/1978;;1;1;;;;;;0;0;0;;0;;;;2,4491;1,9925;3,0865;3,2228;4,4202;2,8227;2,1022;1,5829;2,2149;1,5829;1,2341;1,2341;0,8347;;;;;;;;;;;;;;;;;;;1;1;1;1;1;1;1;1;1;1;1;1;1;;;;;;;;;;;;;;;;
49490000;2;01/01/1979;;1;1;;;;;;0;0;0;;0;;;;;;;;;;;;;;;;;;;;;;;;;;;;;;;;;;;;;;;;;;;;;;;;255;255;255;255;;255;;;255;255;255;255;255;255;255;
49490000;2;01/02/1979;;1;1;;;;;;0;0;0;;0;;;;;;;;;;;;;;;;;;;;;;;;;;;;;;;;255;255;255;255;255;255;;255;;;;;;;;;;;;;;;;;;;;;;;;
49490000;2;01/03/1979;;1;1;;;;;;0;0;0;;0;;;;;;;;;;;;;;;;;;;;;;;;;;;;;23,7664;21,2066;7,3849;;;;;;;;;;;;;;;;;;;;;;;;;;;;;1;1;1;
49490000;2;01/04/1979;;1;1;;;;;;0;0;0;;0;4,1031;2,9531;2,5707;2,2149;1,8858;1,7868;1,5829;1,4887;1,3993;1,4887;1,4887;1,3993;1,0178;1,158;1,0178;0,8923;0,8923;0,8923;1,086;1,086;1,0178;0,9533;;;;;;;;1,3993;;1;1;1;1;1;1;1;1;1;1;1;1;1;1;1;1;1;1;1;1;1;1;;;;;;;;1;;
49490000;2;01/05/1979;;1;1;5,9943;1,3993;2,6148;7;28;1;1;1;;0;1,4887;1,6822;1,7868;4,9182;4,5833;3,7978;5,9943;5,6237;4,5833;3,949;3,3621;2,9531;2,6952;2,3305;2,1022;1,9925;1,8858;2,1022;1,9925;2,2149;2,1022;2,5707;2,2149;1,7868;1,6822;1,4887;1,4887;1,3993;1,4887;1,3993;1,3993;1;1;1;1;1;1;1;1;1;1;1;1;1;1;1;1;1;1;1;1;1;1;1;1;1;1;1;1;1;1;1;
49490000;2;01/06/1979;;1;1;;;;;;0;0;0;;0;1,2341;1,158;1,2341;1,2341;0,8923;0,9533;1,086;1,158;1,3145;1,2341;1,158;1,0178;0,8923;0,9533;1,0178;1,086;1,3145;1,3145;1,2341;1,086;1,0178;0,7803;0,4776;;;;;0,5134;1,3145;0,635;;1;1;1;1;1;1;1;1;1;1;1;1;1;1;1;1;1;1;1;1;1;1;1;;;;;1;1;1;;
49490000;2;01/07/1979;;1;1;2,4491;0,5515;1,7536;8;1;1;1;1;;0;0,5515;0,635;1,7868;1,7868;1,5829;1,5829;2,1022;2,4491;2,3305;2,2149;2,2149;2,1022;2,1022;2,3305;2,2149;2,2149;2,3305;2,2149;1,4887;1,3993;1,4887;1,5829;1,6822;1,4887;1,3993;1,4887;1,4887;1,6822;1,6822;1,5829;1,158;1;1;1;1;1;1;1;1;1;1;1;1;1;1;1;1;1;1;1;1;1;1;1;1;1;1;1;1;1;1;1;
49490000;2;01/08/1979;;1;1;;;;;;0;0;0;;0;0,9533;0,8923;0,8347;0,8347;0,8347;0,8347;1,158;1,158;1,086;0,9533;0,8923;0,8923;0,8347;0,7803;0,729;1,0178;1,3145;1,158;0,8347;0,592;0,5515;0,5515;0,4776;0,4123;0,3548;;;;;;;1;1;1;1;1;1;1;1;1;1;1;1;1;1;1;1;1;1;1;1;1;1;1;1;1;;;;;;;
49490000;2;01/01/1980;;1;1;;;;;;0;0;0;;0;;;;;;;;;;;;;;;;;;;;;;;;;;;;;;;;;;;;255;;;;;;;;;;;;;;;;;;;;;;;;;255;255;
49490000;2;01/02/1980;;1;1;;;;;;0;0;0;;0;;;;;;;;0,635;0,635;1,4887;1,086;0,8347;9,8647;3,2228;2,4491;2,4491;4,2602;3,2228;3,6496;2,2149;1,9925;1,5829;1,2341;1,158;0,9533;1,158;2,1022;4,7493;4,1031;;;255;255;255;;;;;1;1;1;1;1;1;1;1;1;1;1;1;1;1;1;1;1;1;1;1;1;1;;;
49490000;2;01/03/1980;;1;1;5,9943;0,8923;3,1156;7;31;1;1;1;;0;2,8227;2,2149;1,8858;1,7868;1,7868;4,9182;5,9943;5,4429;5,265;5,265;4,2602;3,7978;3,3621;3,3621;5,6237;5,0901;3,949;3,2228;3,3621;2,8227;2,6952;2,9531;2,6952;2,2149;2,9531;1,5829;1,2341;1,158;1,0178;0,9533;0,8923;1;1;1;1;1;1;1;1;1;1;1;1;1;1;1;1;1;1;1;1;1;1;1;1;1;1;1;1;1;1;1;
49490000;2;01/04/1980;;1;1;;;;;;0;0;0;;0;0,8923;0,7803;0,7803;0,729;0,729;0,6806;0,6806;0,635;0,592;;;;;;;;;;;;;;;;;;;;;;;1;1;1;1;1;1;1;1;1;;;;;;;;;;255;255;255;255;255;255;255;;;;;;;
49490000;2;01/11/1980;;1;1;;;;;;0;0;0;;0;;;;;;;;;;;;;;;;;;;;;;;;;;;;;;;;;;;;;;;;;;;;;;;;;;254;255;255;255;255;255;255;255;255;255;255;255;;
49490000;2;01/12/1980;;1;1;;;;;;0;0;0;;0;;;;;;;;;;;;;;;;;;;;;;;;;;;;;;;;255;255;255;254;;;;;;;;;;;;;;;;;;;;;;;;;;;;
49490000;2;01/01/1981;;1;1;;;;;;0;0;0;;0;;;;;;;;;;;;;;;;;;;;;;;;;;;;;;;;;;;;;;;;;;;;;;;;;;;;;;;;;;;255;255;255;255;
49490000;2;01/02/1981;;1;1;;;;;;0;0;0;;0;;;;;;;;;;;;;;;;;;;;;;;;;;;;;;;;255;255;255;255;255;255;255;255;255;255;255;;;;;;;;;;;;;;;;;;;;;
49490000;2;01/03/1981;;1;1;;;;;;0;0;0;;0;;;;;;;;;;;;;;;;;;;;;;;;;;;;;;;;;;;;;;;;;;;;;;;;;255;255;255;255;255;255;;;;255;255;255;255;255;
49490000;2;01/06/1981;;1;1;4,5862;1,6758;2,6371;1;29;1;1;1;;0;4,5862;4,3745;4,1665;3,9623;3,7619;3,5653;3,3727;3,184;2,9993;2,8188;2,8188;2,6424;2,6424;2,6424;2,3024;2,3024;2,3024;2,1389;1,9799;1,9799;1,9799;1,8255;1,9799;1,8255;1,9799;1,8255;1,8255;1,8255;1,6758;1,8255;;1;1;1;1;1;1;1;1;1;1;1;1;1;1;1;1;1;1;1;1;1;1;1;1;1;1;1;1;1;1;;
49490000;2;01/07/1981;;1;1;1,9799;1,2557;1,6421;8;19;1;1;1;;0;1,5308;1,3907;1,6758;1,6758;1,6758;1,8255;1,8255;1,9799;1,8255;1,8255;1,9799;1,6758;1,6758;1,9799;1,8255;1,8255;1,6758;1,3907;1,2557;1,2557;1,5308;1,6758;1,6758;1,6758;1,5308;1,5308;1,5308;1,5308;1,5308;1,5308;1,3907;1;1;1;1;1;1;1;1;1;1;1;1;1;1;1;1;1;1;1;1;1;1;1;1;1;1;1;1;1;1;1;
49490000;2;01/08/1981;;1;1;1,6758;1,1257;1,3623;15;19;1;1;1;;0;1,3907;1,5308;1,3907;1,3907;1,5308;1,5308;1,3907;1,3907;1,3907;1,3907;1,3907;1,5308;1,5308;1,5308;1,6758;1,5308;1,3907;1,2557;1,1257;1,1257;1,2557;1,2557;1,1257;1,2557;1,3907;1,2557;1,2557;1,2557;1,2557;1,2557;1,2557;1;1;1;1;1;1;1;1;1;1;1;1;1;1;1;1;1;1;1;1;1;1;1;1;1;1;1;1;1;1;1;
49490000;2;01/09/1981;;1;1;1,5308;1,0011;1,2882;8;18;1;1;1;;0;1,2557;1,2557;1,2557;1,2557;1,3907;1,3907;1,3907;1,5308;1,3907;1,3907;1,2557;1,3907;1,3907;1,3907;1,3907;1,2557;1,2557;1,0011;1,1257;1,1257;1,2557;1,2557;1,2557;1,2557;1,2557;1,2557;1,2557;1,2557;1,2557;1,2557;;1;1;1;1;1;1;1;1;1;1;1;1;1;1;1;1;1;1;1;1;1;1;1;1;1;1;1;1;1;1;;
49490000;2;01/10/1981;;1;1;;;;;;0;0;0;;0;1,2557;1,1257;1,1257;1,1257;1,1257;1,1257;1,0011;;;;;;;;;;;;;;;;;;;;;;;;;1;1;1;1;1;1;1;;;;;;;;;;;;;;;;;;;;;;;;;
49490000;2;01/12/1981;;1;1;;;;;;0;0;0;;0;;;;;;;;;;;;;;;;;;;;;;;;;;;;;;;;;;;;;;;;;;;;;;255;255;255;255;255;255;255;255;255;255;255;255;255;255;;;;
49490000;2;01/02/1982;;1;1;;;;;;0;0;0;;0;;;;;;;;;;;;;;;;;;;;;;;;;;;;;;;;;;;;;;;;;;;;;;;;;255;255;255;;;;;;;;;;;;
49490000;2;01/03/1982;;1;1;;;;;;0;0;0;;0;;;;;;;;;;;;;;;;;;;;;;;;;;;;;;;;;;;;;;;254;255;255;255;255;255;255;255;255;255;255;255;255;;;;;;;;;;;;
49490000;2;01/04/1982;;1;1;;;;;;0;0;0;;0;;;;;;;;;;;;;;;;;;;;0,3288;0,882;0,7685;0,3288;387,0972;187,6188;100,3261;65,3098;45,2714;25,6845;25,2949;;;;;;;;;;;;;;;;;;;;;1;1;1;1;1;1;1;1;1;1;1;;
49490000;2;01/05/1982;;1;1;181,2994;11,3691;47,0042;7;31;1;1;1;;0;28,4956;21,5633;59,209;85,4165;59,209;65,3098;181,2994;180,2568;116,4407;78,4134;62,2218;50,6212;30,1677;39,2477;45,7929;47,9088;41,2076;35,9334;28,085;22,2857;19,4679;21,923;22,6514;18,7934;16,8414;15,2969;14,115;13,2599;12,4317;11,8945;11,3691;1;1;1;1;1;1;1;1;1;1;1;1;1;1;1;1;1;1;1;1;1;1;1;1;1;1;1;1;1;1;1;
49490000;2;01/07/1982;;1;1;;;;;;0;0;0;;0;;;;;;;;;;;;;;;;;;;;;;;1,8255;1,6758;1,6758;1,6758;1,5308;1,2557;1,1257;0,882;0,3288;;;;;;;;;;;;;;;;;;;;;;;1;1;1;1;1;1;1;1;1;
49490000;2;01/08/1982;;1;1;1,6758;0,1879;0,9849;6;31;1;1;1;;0;1,0011;1,1257;1,1257;1,1257;1,3907;1,6758;1,2557;1,1257;1,0011;1,0011;1,2557;1,3907;1,1257;1,0011;1,0011;0,882;0,882;1,3907;1,3907;1,2557;1,1257;1,0011;0,882;0,7685;0,7685;0,7685;0,882;0,2815;0,2402;0,2215;0,1879;1;1;1;1;1;1;1;1;1;1;1;1;1;1;1;1;1;1;1;1;1;1;1;1;1;1;1;1;1;1;1;
49490000;2;01/09/1982;;1;1;;;;;;0;0;0;;0;0,1879;0,1588;0,1458;;;;;;;;;;;;;;;;;;;;;;;;;;;;;1;1;1;;;;;;;;;;;;;;;;;;;;;254;255;255;;;;;;
49490000;2;01/01/1983;;1;1;;;;;;0;0;0;;0;;;;;;;;;;;;;;;;;;;;;;;;;;;;0,882;;;;;;;;;;;;;;;;;;;;;;;;;;;;;;;1;;;;
49490000;2;01/02/1983;;1;1;;;;;;0;0;0;;0;;;;;;;20,5022;8,0255;24,144;89,031;;;13,827;6,1841;6,3768;4,2602;3,5044;2,9531;4,7493;6,3768;11,3691;15,9058;11,1109;6,5725;5,9943;4,4202;3,3621;3,0865;;;;;;;;;;1;1;1;1;;;1;1;1;1;1;1;1;1;1;1;1;1;1;1;1;1;;;;
49490000;2;01/03/1983;;1;1;4,9182;0,592;1,4013;31;17;1;1;1;;0;2,9531;1,158;0,8923;1,0178;0,8923;0,8347;0,8347;0,7803;0,8347;0,9533;0,729;0,729;0,6806;0,635;0,6806;0,6806;0,592;0,635;0,729;1,0178;1,0178;1,086;1,4887;1,7868;1,8858;1,7868;1,6822;1,9925;2,9531;4,5833;4,9182;1;1;1;1;1;1;1;1;1;1;1;1;1;1;1;1;1;1;1;1;1;1;1;1;1;1;1;1;1;1;1;
49490000;2;01/04/1983;;1;1;;;;;;0;0;0;;0;4,5833;4,2602;1,2341;0,9533;0,7803;0,635;0,8347;1,0178;1,0178;1,2341;1,086;0,8923;;;;;;;;;;;;;;;;;;;;1;1;1;1;1;1;1;1;1;1;1;1;;;;;;;;;;;;;;;;;;;;
49490000;2;01/03/1984;;1;1;;;;;;0;0;0;;0;;;;;;;;;;;;;;;;5,0901;5,6237;4,1031;3,7978;3,5044;3,2228;2,6952;10,8557;7,809;3,6496;1,6822;0,635;;;;;;;;;;;;;;;;;;;;1;1;1;1;1;1;1;1;1;1;1;1;;;;;
49490000;2;01/04/1984;;1;1;;;;;;0;0;0;;0;;;;69,7592;69,1145;90,4978;116,4407;71,0575;17,1593;11,1109;10,108;9,387;8,245;7,3849;5,9943;4,7493;6,1841;8,6929;11,8945;75,6964;72,3679;444,0934;63,448;58,6154;56,2713;53,4087;45,7929;39,2477;32,3254;23,7664;;;;;1;1;1;1;1;1;1;1;1;1;1;1;1;1;1;1;1;1;1;1;1;1;1;1;1;1;1;;
49490000;2;01/05/1984;;1;1;35,4719;7,3849;15,1669;27;13;1;1;1;;0;19,1292;18,1308;13,827;13,2599;11,3691;9,8647;8,6929;8,0255;7,5955;7,809;8,245;7,5955;7,3849;29,3257;25,6845;14,997;9,6244;7,5955;8,245;9,6244;11,3691;28,9091;21,923;19,1292;18,4606;23,7664;35,4719;24,144;17,1593;12,7048;11,1109;1;1;1;1;1;1;1;1;1;1;1;1;1;1;1;1;1;1;1;1;1;1;1;1;1;1;1;1;1;1;1;
49490000;2;01/06/1984;;1;1;10,6035;1,3993;3,6734;1;27;1;1;1;;0;10,6035;8,245;7,3849;6,5725;6,3768;5,9943;4,7493;4,1031;4,4202;4,2602;3,949;4,1031;3,6496;2,9531;2,5707;2,6952;2,6952;2,4491;2,4491;2,4491;2,3305;2,1022;1,8858;1,7868;1,5829;1,5829;1,3993;1,4887;1,5829;1,7868;;1;1;1;1;1;1;1;1;1;1;1;1;1;1;1;1;1;1;1;1;1;1;1;1;1;1;1;1;1;1;;
49490000;2;01/07/1984;;1;1;10,6035;1,7868;4,2271;26;1;1;1;1;;0;1,7868;1,8858;2,1022;2,1022;2,4491;2,5707;2,6952;2,8227;2,8227;2,6952;2,4491;2,3305;2,3305;2,2149;2,8227;2,9531;3,2228;3,3621;4,2602;4,9182;6,1841;7,5955;8,9213;9,387;9,8647;10,6035;6,1841;5,4429;4,7493;3,949;3,3621;1;1;1;1;1;1;1;1;1;1;1;1;1;1;1;1;1;1;1;1;1;1;1;1;1;1;1;1;1;1;1;
49490000;2;01/08/1984;;1;1;;;;;;0;0;0;;0;3,0865;2,8227;2,5707;2,2149;1,8858;1,7868;1,6822;1,5829;1,4887;1,3993;1,3145;1,2341;1,158;;;;;;;;;;;;;;;;3,0865;2,6952;2,5707;1;1;1;1;1;1;1;1;1;1;1;1;1;;;;;;;;;;;;;;;;1;1;1;
49490000;2;01/09/1984;;1;1;;;;;;0;0;0;;0;2,1022;2,4491;2,8227;4,4202;5,6237;5,0901;4,5833;4,4202;3,949;3,6496;2,9531;2,5707;2,4491;2,2149;1,8858;1,3993;1,2341;1,086;1,0178;0,8347;0,7803;0,6806;0,635;0,5134;;;;;;;;1;1;1;1;1;1;1;1;1;1;1;1;1;1;1;1;1;1;1;1;1;1;1;1;;;;;;;;
49490000;2;01/01/1985;;1;1;;;;;;0;0;0;;0;;;;;;;;;;;;;;;;;;;;;;;;;;;;;;0,8923;0,7803;;;;;;;;;;;;;;;;;;;;;;;;;;;;;;1;1;
49490000;2;01/02/1985;;1;1;;;;;;0;0;0;;0;;;;;;;;;;;;2,4491;1,4887;0,9533;0,729;6,1841;8,9213;3,2228;3,3621;13,827;8,4675;9,6244;24,9083;8,9213;7,1774;5,8075;5,265;3,6496;;;;;;;;;;;;;;;1;1;1;1;1;1;1;1;1;1;1;1;1;1;1;1;1;;;;
49490000;2;01/03/1985;;1;1;47,9088;1,086;6,4322;31;12;1;1;1;;0;2,9531;1,5829;2,3305;3,2228;2,2149;1,8858;1,9925;1,6822;1,6822;1,3993;1,3145;1,086;1,3993;2,6952;1,8858;1,3145;1,086;1,086;1,4887;1,9925;2,3305;2,8227;3,3621;3,5044;18,7934;3,7978;6,1841;13,827;22,2857;38,2858;47,9088;1;1;1;1;1;1;1;1;1;1;1;1;1;1;1;1;1;1;1;1;1;1;1;1;1;1;1;1;1;1;1;
49490000;2;01/04/1985;;1;1;;;;;;0;0;0;;0;36,3978;45,2714;59,8055;58,6154;41,2076;39,2477;53,9752;61,0077;61,6132;61,6132;61,6132;202,7871;216,2602;191,8921;67,1986;57,4374;;;;;;;;;;;;;;;;1;1;1;1;1;1;1;1;1;1;1;1;1;1;1;1;;;;;;;;;;;;;;;;
49490000;2;01/08/1985;;1;1;;;;;;0;0;0;;0;;;;;;;;;;;;;;;;;;;;6,9727;6,5725;6,3768;5,9943;5,4429;4,7493;4,4202;4,2602;3,949;3,5044;3,0865;2,8227;;;;;;;;;;;;;;;;;;;;1;1;1;1;1;1;1;1;1;1;1;1;
49490000;2;01/09/1985;;1;1;;;;;;0;0;0;;0;2,5707;2,4491;2,2149;2,1022;1,8858;1,6822;1,5829;1,4887;1,3993;1,3145;1,158;1,0178;0,8923;0,7803;0,8923;0,9533;0,9533;0,6806;0,5134;;;;;;;;;;;;;1;1;1;1;1;1;1;1;1;1;1;1;1;1;1;1;1;1;1;;;;;;;;;;;;;
49490000;2;01/03/1986;;1;1;;;;;;0;0;0;;0;;;;;;;;;;3,6496;2,3305;1,7868;1,3145;2,6952;3,6496;5,8075;10,108;7,809;5,8075;4,1031;3,3621;2,1022;2,9531;21,923;13,2599;10,108;7,809;6,7711;5,265;8,245;14,115;;;;;;;;;;1;1;1;1;1;1;1;1;1;1;1;1;1;1;1;1;1;1;1;1;1;1;
49490000;2;01/04/1986;;1;1;26,8713;2,4491;8,4952;3;30;1;1;1;;0;11,3691;8,9213;26,8713;17,804;8,9213;6,7711;7,1774;6,1841;4,2602;4,7493;4,7493;10,6035;16,2147;12,7048;10,108;11,3691;8,9213;12,7048;10,108;7,809;8,4675;5,8075;6,7711;5,265;4,1031;4,1031;3,6496;3,2228;2,6952;2,4491;;1;1;1;1;1;1;1;1;1;1;1;1;1;1;1;1;1;1;1;1;1;1;1;1;1;1;1;1;1;1;;
49490000;2;01/05/1986;;1;1;23,7664;0,0774;6,1671;4;22;1;1;1;;0;1,7868;1,3145;17,1593;23,7664;16,8414;10,108;6,7711;4,1031;7,1774;9,387;11,3691;10,108;7,809;5,8075;4,1031;2,6952;1,7868;1,158;1,158;0,1879;0,1879;0,0774;0,0774;3,3621;4,9182;5,8075;4,9182;5,8075;7,809;5,8075;7,809;1;1;1;1;1;1;1;1;1;1;1;1;1;1;1;1;1;1;1;1;1;1;1;1;1;1;1;1;1;1;1;
49490000;2;01/06/1986;;1;1;9,387;1,158;4,7411;4;25;1;1;1;;0;6,7711;7,809;8,9213;9,387;8,9213;6,7711;4,9182;2,9531;1,7868;3,3621;2,9531;5,8075;4,1031;5,8075;5,0901;5,8075;6,7711;5,8075;4,1031;2,6952;3,6496;5,265;2,1022;3,3621;1,158;2,3305;4,9182;4,1031;2,1022;2,6952;;1;1;1;1;1;1;1;1;1;1;1;1;1;1;1;1;1;1;1;1;1;1;1;1;1;1;1;1;1;1;;
49490000;2;01/07/1986;;1;1;24,144;1,5829;10,1046;20;3;1;1;1;;0;4,1031;2,6952;1,5829;2,6952;1,5829;2,6952;1,5829;2,3305;2,1022;6,1841;11,3691;11,8945;13,2599;11,8945;8,9213;7,809;6,7711;7,809;14,7;24,144;22,2857;22,2857;24,144;22,2857;17,804;11,8945;14,115;10,108;8,245;7,1774;6,7711;1;1;1;1;1;1;1;1;1;1;1;1;1;1;1;1;1;1;1;1;1;1;1;1;1;1;1;1;1;1;1;
49490000;2;01/08/1986;;1;1;7,809;1,5829;4,1431;5;26;1;1;1;;0;5,8075;4,9182;7,1774;6,7711;7,809;5,265;4,9182;5,8075;4,1031;3,6496;5,8075;7,809;5,8075;4,1031;4,9182;4,9182;3,3621;2,8227;1,7868;2,1022;2,6952;4,1031;2,8227;2,1022;1,9925;1,5829;1,6822;2,1022;2,8227;3,3621;3,5044;1;1;1;1;1;1;1;1;1;1;1;1;1;1;1;1;1;1;1;1;1;1;1;1;1;1;1;1;1;1;1;
49490000;2;01/09/1986;;1;1;8,0255;2,1022;4,197;18;7;1;1;1;;0;2,6952;4,1031;5,8075;4,1031;4,9182;3,3621;2,1022;2,8227;3,3621;2,8227;4,9182;5,265;4,4202;2,6952;5,265;6,7711;4,9182;8,0255;6,7711;4,9182;5,8075;4,1031;4,9182;3,3621;2,6952;4,1031;2,6952;3,3621;2,1022;2,6952;;1;1;1;1;1;1;1;1;1;1;1;1;1;1;1;1;1;1;1;1;1;1;1;1;1;1;1;1;1;1;;
49490000;2;01/10/1986;;1;1;4,1031;0,2815;1,2235;5;27;1;1;1;;0;2,1022;2,3305;2,5707;3,3621;4,1031;2,6952;2,1022;1,6822;1,7868;1,0178;1,158;1,0178;0,8923;0,7803;0,6806;1,158;0,729;1,3145;1,086;0,8923;0,6806;0,592;0,5134;0,4439;0,3827;0,3288;0,2815;0,3043;0,3548;0,3043;0,2815;1;1;1;1;1;1;1;1;1;1;1;1;1;1;1;1;1;1;1;1;1;1;1;1;1;1;1;1;1;1;1;
49490000;2;01/11/1986;;1;1;2,3305;0,2402;0,6396;23;12;1;1;1;;0;0,2601;0,2815;0,3288;0,2815;0,2601;0,3043;0,2815;0,2601;0,2601;0,2601;0,2601;0,2402;0,2815;0,2815;0,2601;0,2601;0,3043;0,3288;0,2815;0,3043;0,3827;1,5829;2,3305;1,7868;1,5829;1,158;1,7868;1,3145;0,9533;0,729;;1;1;1;1;1;1;1;1;1;1;1;1;1;1;1;1;1;1;1;1;1;1;1;1;1;1;1;1;1;1;;
49490000;2;01/12/1986;;1;1;;;;;;0;0;0;;0;0,5515;0,4439;0,3548;0,2815;0,2402;0,2402;0,2215;;;;;;;;;;;;;;;;;;;;;;;;;1;1;1;1;1;1;1;;;;;;;;;;;;;;;;;;;;;;;;;
49490000;2;01/03/1987;;1;1;;;;;;0;0;0;;0;;;;;;;;;;18,7934;17,1593;13,2599;10,6035;18,7934;14,7;12,7048;11,3691;4,4202;0,592;0,4123;0,3043;0,2402;0,592;0,8347;0,3288;0,2402;0,1458;0,1119;0,058;0,0347;4,5833;;;;;;;;;;1;1;1;1;1;1;1;1;1;1;1;1;1;1;1;1;1;1;1;1;1;1;
49490000;2;01/04/1987;;1;1;7,1774;0,1023;1,371;26;12;1;1;1;;0;4,1031;1,5829;0,729;0,592;0,3827;0,2042;0,1458;0,2815;0,2402;0,1729;0,1879;0,1023;0,2215;0,6806;1,0178;0,7803;0,8347;0,7803;0,4776;0,4123;0,3288;0,4439;0,592;1,158;1,7868;7,1774;4,5833;6,1841;2,9531;1,9925;;1;1;1;1;1;1;1;1;1;1;1;1;1;1;1;1;1;1;1;1;1;1;1;1;1;1;1;1;1;1;;
49490000;2;01/05/1987;;1;1;2,6952;0,0178;0,5672;1;31;1;1;1;;0;2,6952;1,5829;1,9925;0,9533;0,4123;0,3827;0,5515;0,8923;0,592;0,4439;0,3288;0,4776;0,7803;0,592;0,592;0,4776;0,5515;0,5134;0,6806;0,6806;0,4776;0,3043;0,1458;0,1119;0,0774;0,0428;0,0386;0,0851;0,058;0,0525;0,0178;1;1;1;1;1;1;1;1;1;1;1;1;1;1;1;1;1;1;1;1;1;1;1;1;1;1;1;1;1;1;1;
49490000;2;01/06/1987;;1;1;0,635;0,0012;0,0832;18;16;1;1;1;;0;0,2215;0,0474;0,0158;0,0074;0,02;0,0428;0,0158;0,0347;0,0474;0,02;0,0085;0,0251;0,028;0,011;0,0043;0,0012;0,2815;0,635;0,3827;0,2215;0,0774;0,0347;0,0158;0,0085;0,0097;0,0065;0,0124;0,0347;0,0774;0,1458;;1;1;1;1;1;1;1;1;1;1;1;1;1;1;1;1;1;1;1;1;1;1;1;1;1;1;1;1;1;1;;
49490000;2;01/07/1987;;1;1;13,2599;0,02;4,0676;14;2;1;1;1;;0;0,0851;0,02;0,1224;0,6806;1,158;1,5829;0,8347;1,7868;2,8227;3,3621;2,9531;3,2228;2,8227;13,2599;10,6035;9,1527;8,9213;7,5955;6,7711;7,3849;6,1841;4,9182;4,5833;4,1031;3,6496;3,3621;2,9531;2,8227;3,2228;2,8227;2,3305;1;1;1;1;1;1;1;1;1;1;1;1;1;1;1;1;1;1;1;1;1;1;1;1;1;1;1;1;1;1;1;
49490000;2;01/08/1987;;1;1;3,0865;0,0774;0,8254;6;25;1;1;1;;0;1,7868;1,7868;1,8858;2,1022;2,8227;3,0865;2,2149;1,2341;1,086;0,9533;0,8347;0,8923;0,6806;0,4439;0,5515;0,4439;0,5134;0,5134;0,3288;0,2042;0,1336;0,1458;0,1023;0,0933;0,0774;0,0933;0,1458;0,1224;0,1119;0,1023;0,0933;1;1;1;1;1;1;1;1;1;1;1;1;1;1;1;1;1;1;1;1;1;1;1;1;1;1;1;1;1;1;1;
49490000;2;01/09/1987;;1;1;0,1224;0,0085;0,0489;1;27;1;1;1;;0;0,1224;0,1119;0,1023;0,0851;0,0851;0,0704;0,0774;0,0639;0,0525;0,0525;0,0474;0,0428;0,0428;0,0639;0,0851;0,0525;0,0428;0,0386;0,0347;0,0312;0,0312;0,028;0,0178;0,0124;0,011;0,0097;0,0085;0,0085;0,0124;0,0224;;1;1;1;1;1;1;1;1;1;1;1;1;1;1;1;1;1;1;1;1;1;1;1;1;1;1;1;1;1;1;;
49490000;2;01/10/1987;;1;1;0,0474;0,0074;0,0148;1;15;1;1;1;;0;0,0474;0,0428;0,0224;0,02;0,0178;0,0158;0,014;0,014;0,0124;0,011;0,011;0,0124;0,011;0,0085;0,0074;0,014;0,014;0,014;0,0124;0,0124;0,0124;0,011;0,011;0,011;0,011;0,0097;0,0097;0,0097;0,0097;0,014;0,014;1;1;1;1;1;1;1;1;1;1;1;1;1;1;1;1;1;1;1;1;1;1;1;1;1;1;1;1;1;1;1;
49490000;2;01/11/1987;;1;1;;;;;;0;0;0;;0;0,0124;0,011;0,011;0,0097;0,0097;0,0085;0,0085;0,0097;;;;;;;;;;;;;;;;;;;;;;;;1;1;1;1;1;1;1;1;;;;;;;;;;;;;;;;;;;;;;;;
49490000;2;01/03/1988;;1;1;;;;;;0;0;0;;0;;;;;;;;;1,158;6,1841;23,0201;10,6035;6,1841;2,9531;23,0201;11,8945;5,9943;4,4202;2,6952;3,2228;26,0771;12,7048;10,108;8,245;11,3691;17,1593;14,115;7,809;6,1841;4,9182;4,9182;;;;;;;;;1;1;1;1;1;1;1;1;1;1;1;1;1;1;1;1;1;1;1;1;1;1;1;
49490000;2;01/04/1988;;1;1;31,0218;6,5725;17,079;20;1;1;1;1;;0;6,5725;9,6244;12,4317;9,6244;8,245;6,7711;25,2949;17,1593;13,542;15,5998;13,827;11,1109;10,108;10,108;28,9091;12,7048;21,923;24,5246;22,2857;31,0218;18,4606;19,8097;19,1292;21,923;26,4727;22,2857;19,4679;18,4606;16,8414;18,1308;;1;1;1;1;1;1;1;1;1;1;1;1;1;1;1;1;1;1;1;1;1;1;1;1;1;1;1;1;1;1;;
49490000;2;01/05/1988;;1;1;5,4429;0,4776;2,1329;7;31;1;1;1;;0;3,0865;2,8227;2,4491;1,9925;3,6496;4,5833;5,4429;4,4202;3,0865;2,3305;1,7868;2,3305;2,3305;2,2149;2,2149;1,8858;1,7868;1,8858;1,7868;1,6822;1,5829;1,4887;1,7868;1,6822;1,3993;1,0178;0,9533;0,729;0,6806;0,5515;0,4776;1;1;1;1;1;1;1;1;1;1;1;1;1;1;1;1;1;1;1;1;1;1;1;1;1;1;1;1;1;1;1;
49490000;2;01/06/1988;;1;1;0,4439;0,0097;0,1528;1;26;1;1;1;;0;0,4439;0,3043;0,4123;0,4123;0,3288;0,2815;0,2601;0,1879;0,1023;0,1023;0,0933;0,1119;0,1023;0,0933;0,0525;0,0386;0,0347;0,028;0,0347;0,0386;0,0251;0,0251;0,011;0,0158;0,0124;0,0097;0,0124;0,3043;0,4439;0,2601;;1;1;1;1;1;1;1;1;1;1;1;1;1;1;1;1;1;1;1;1;1;1;1;1;1;1;1;1;1;1;;
49490000;2;01/07/1988;;1;1;;;;;;0;0;0;;0;;;;;;;;;;;;;;;;;;;;;;;;;;;;;;;;254;254;254;254;254;254;254;254;254;254;254;254;254;254;254;254;254;254;254;254;254;254;254;254;254;254;254;254;254;254;254;
49490000;2;01/08/1988;;1;1;14,7;1,8858;6,7199;2;29;1;1;1;;0;14,115;14,7;11,1109;14,406;13,542;14,115;13,827;10,3543;7,3849;7,1774;6,9727;6,7711;6,3768;6,1841;6,1841;5,9943;5,8075;5,4429;5,265;4,4202;3,949;3,6496;3,2228;2,8227;2,4491;2,2149;2,1022;1,9925;1,8858;1,8858;1,9925;1;1;1;1;1;1;1;1;1;1;1;1;1;1;1;1;1;1;1;1;1;1;1;1;1;1;1;1;1;1;1;
49490000;2;01/09/1988;;1;1;1,9925;0,2402;1,231;13;30;1;1;1;;0;1,8858;1,8858;1,8858;1,7868;1,7868;1,5829;1,5829;1,4887;1,4887;1,3145;1,7868;1,7868;1,9925;1,8858;1,7868;1,7868;1,3145;1,3145;1,2341;0,8347;0,7803;0,6806;0,4776;0,4776;0,4776;0,4123;0,3827;0,3288;0,2601;0,2402;;1;1;1;1;1;1;1;1;1;1;1;1;1;1;1;1;1;1;1;1;1;1;1;1;1;1;1;1;1;1;;
49490000;2;01/10/1988;;1;1;;;;;;0;0;0;;0;0,1879;0,0933;0,058;0,1458;0,1458;0,1336;0,0933;0,058;0,0525;0,0347;0,02;0,02;0,0124;0,011;0,011;;;;;;;;;;;;;;;;;1;1;1;1;1;1;1;1;1;1;1;1;1;1;1;;;;;;;;;;;;;;;;;
49490000;2;01/12/1988;;1;1;;;;;;0;0;0;;0;;;;;;;;;21,2066;14,7;10,108;12,7048;4,1031;2,6952;1,5829;0,8347;2,1022;1,5829;1,3145;1,158;0,9533;0,6806;0,4776;0,3043;0,2402;;;;;;;;;;;;;;;1;1;1;1;1;1;1;1;1;1;1;1;1;1;1;1;1;;;;;;;
49490000;2;01/04/1989;;1;1;;;;;;0;0;0;;0;;;;;;;;;56,2713;23,0201;16,2147;62,2218;50,6212;31,0218;21,2066;18,1308;17,4801;14,7;10,6035;13,2599;11,8945;6,1841;8,245;35,4719;31,0218;31,0218;31,0218;31,0218;71,7112;81,8773;;;;;;;;;;1;1;1;1;1;1;1;1;1;1;1;1;1;1;1;1;1;1;1;1;1;1;;
49490000;2;01/05/1989;;1;1;138,2802;14,7;54,524;28;10;1;1;1;;0;78,4134;49,5272;42,709;53,4087;49,5272;40,2217;26,8713;19,4679;16,2147;14,7;35,4719;40,2217;33,2094;26,8713;23,0201;21,2066;40,2217;59,209;61,0077;59,209;67,1986;53,4087;56,2713;56,2713;34,5579;31,0218;100,3261;138,2802;124,9503;112,299;124,9503;1;1;1;1;1;1;1;1;1;1;1;1;1;1;1;1;1;1;1;1;1;1;1;1;1;1;1;1;1;1;1;
49490000;2;01/06/1989;;1;1;104,2417;17,4801;40,315;1;30;1;1;1;;0;104,2417;89,031;65,3098;47,9088;40,2217;37,8093;26,8713;24,9083;24,9083;26,0771;21,2066;20,5022;20,5022;19,4679;89,031;77,0489;50,6212;50,6212;42,709;35,4719;33,2094;28,085;23,0201;35,4719;62,2218;26,8713;25,6845;24,144;18,7934;17,4801;;1;1;1;1;1;1;1;1;1;1;1;1;1;1;1;1;1;1;1;1;1;1;1;1;1;1;1;1;1;1;;
49490000;2;01/07/1989;;1;1;171,0089;23,0201;52,9377;12;31;1;1;1;;0;26,8713;40,2217;33,2094;27,6774;32,3254;36,3978;46,8448;55,1172;88,3021;56,2713;52,8452;171,0089;147,544;116,4407;56,2713;37,8093;52,2847;47,9088;34,5579;33,2094;45,2714;36,8653;35,9334;46,8448;94,9707;56,2713;28,9091;28,085;26,8713;24,9083;23,0201;1;1;1;1;1;1;1;1;1;1;1;1;1;1;1;1;1;1;1;1;1;1;1;1;1;1;1;1;1;1;1;
49490000;2;01/08/1989;;1;1;21,2066;4,2602;10,3615;1;31;1;1;1;;0;21,2066;19,4679;18,1308;17,1593;16,2147;15,2969;14,7;13,827;13,2599;12,1616;10,6035;9,387;8,9213;8,245;8,6929;9,387;11,3691;10,108;8,9213;8,245;7,5955;6,9727;6,7711;6,3768;6,5725;6,3768;6,1841;5,6237;4,7493;4,4202;4,2602;1;1;1;1;1;1;1;1;1;1;1;1;1;1;1;1;1;1;1;1;1;1;1;1;1;1;1;1;1;1;1;
49490000;2;01/09/1989;;1;1;6,1841;1,0178;2,8272;1;30;1;1;1;;0;6,1841;5,265;5,0901;6,1841;6,1841;5,8075;5,265;3,6496;2,9531;2,6952;2,3305;2,3305;2,2149;1,9925;1,7868;1,7868;1,5829;1,4887;1,086;1,086;2,3305;3,6496;2,3305;1,7868;1,7868;1,3145;1,3145;1,2341;1,086;1,0178;;1;1;1;1;1;1;1;1;1;1;1;1;1;1;1;1;1;1;1;1;1;1;1;1;1;1;1;1;1;1;;
49490000;2;01/10/1989;;1;1;1,7868;0,0347;0,8039;17;15;1;1;1;;0;0,9533;0,8923;0,4776;0,5134;0,4439;0,4123;0,3288;0,3288;0,2215;0,2215;0,2215;0,1458;0,0933;0,058;0,0347;0,9533;1,7868;0,9533;0,9533;1,7868;1,7868;0,9533;1,7868;0,4776;0,4776;0,9533;1,158;1,0178;1,158;1,7868;1,5829;1;1;1;1;1;1;1;1;1;1;1;1;1;1;1;1;1;1;1;1;1;1;1;1;1;1;1;1;1;1;1;
49490000;2;01/11/1989;;1;1;;;;;;0;0;0;;0;0,2215;0,2215;0,2215;0,3043;0,2601;0,2215;0,2215;0,2601;0,2215;0,4776;0,8923;0,6806;0,4776;0,4123;0,3288;0,2815;0,2601;0,2215;0,2215;0,2215;0,1458;0,1458;0,0933;;;;;;;;;1;1;1;1;1;1;1;1;1;1;1;1;1;1;1;1;1;1;1;1;1;1;1;;;;;;;;;
49490000;2;01/12/1989;;1;1;;;;;;0;0;0;;0;;;;;;;;;;;;;;;;;;;;0,3288;0,4776;0,4123;4,9182;6,1841;75,0247;53,4087;35,4719;26,8713;19,4679;16,2147;13,2599;;;;;;;;;;;;;;;;;;;;1;1;1;1;1;1;1;1;1;1;1;1;
49490000;2;01/01/1990;;1;1;13,2599;0,0474;1,9587;3;28;1;1;1;;0;7,1774;6,1841;13,2599;8,245;4,4202;2,9531;1,7868;2,9531;2,3305;2,6952;2,3305;0,9533;0,4776;0,9533;0,8347;0,4776;0,4439;0,3288;0,2815;0,2601;0,2215;0,1458;0,2215;0,1458;0,0933;0,058;0,058;0,0474;0,0474;0,1458;0,1879;1;1;1;1;1;1;1;1;1;1;1;1;1;1;1;1;1;1;1;1;1;1;1;1;1;1;1;1;1;1;1;
49490000;2;01/02/1990;;1;1;14,115;0,0347;1,8501;2;12;1;1;1;;0;0,1458;14,115;4,4202;2,9531;2,3305;0,4776;0,3288;0,2215;0,1458;0,0933;0,058;0,0347;0,0933;0,2215;0,1879;0,1458;13,2599;4,4202;3,0865;0,9533;0,9533;0,8923;0,6806;0,5515;0,4776;0,2215;0,1879;0,1458;;;;1;1;1;1;1;1;1;1;1;1;1;1;1;1;1;1;1;1;1;1;1;1;1;1;1;1;1;1;;;;
49490000;2;01/03/1990;;1;1;;;;;;0;0;0;;0;0,0933;;;;;;;;;;;;;;;;;;;;;;;;;;;;;;;1;;;;;;;;;;;;;;;;;;;;;;;;;;;;;;;
49490000;2;01/06/1990;;1;1;;;;;;0;0;0;;0;;;;;;;;;;;;;;;0,1336;0,1458;0,1224;0,1458;0,1224;0,1224;0,1119;0,0933;0,0933;0,0933;0,1023;0,0933;0,0933;0,1119;0,1224;0,0933;;;;;;;;;;;;;;;;1;1;1;1;1;1;1;1;1;1;1;1;1;1;1;1;;
49490000;2;01/07/1990;;1;1;0,729;0,0851;0,276;30;6;1;1;1;;0;0,0933;0,1023;0,1119;0,0933;0,1224;0,0851;0,0933;0,1224;0,1023;0,1119;0,1224;0,1336;0,1458;0,3288;0,3548;0,2815;0,2601;0,2402;0,2215;0,2215;0,2815;0,3288;0,3548;0,4123;0,3827;0,4123;0,3827;0,5134;0,6806;0,729;0,729;1;1;1;1;1;1;1;1;1;1;1;1;1;1;1;1;1;1;1;1;1;1;1;1;1;1;1;1;1;1;1;
49490000;2;01/08/1990;;1;1;1,3145;0,2815;0,6798;11;31;1;1;1;;0;0,4123;0,3827;0,9533;0,9533;1,0178;1,158;1,2341;1,0178;1,086;1,158;1,3145;1,3145;0,6806;0,729;0,635;0,5515;0,4776;0,5134;0,4776;0,3288;0,3043;0,5134;0,592;0,5515;0,6806;0,3827;0,3288;0,3548;0,3043;0,3827;0,2815;1;1;1;1;1;1;1;1;1;1;1;1;1;1;1;1;1;1;1;1;1;1;1;1;1;1;1;1;1;1;1;
49490000;2;01/09/1990;;1;1;;;;;;0;0;0;;0;0,3288;0,3548;0,3043;0,3827;0,3043;0,2815;0,2601;0,2815;0,3043;0,2601;0,2815;0,2815;0,3288;0,2815;0,3043;;;;;;;;;;;;;;;;;1;1;1;1;1;1;1;1;1;1;1;1;1;1;1;;;;;;;;;;;;;;;;;
49490000;2;01/03/1991;;1;1;;;;;;0;0;0;;0;;;;;;;;;;;;;;;;;;;;;;;;;;;;;;;;;;;;;;;;;;;;;255;255;255;255;255;;;;;;;;255;;;;;;
49490000;2;01/01/1992;;1;1;;;;;;0;0;0;;0;;;;;;;;;;;;;;;;;;;;;;;;;;;0,4776;28,9091;24,9083;96,4857;70,4068;;;;;;;;;;;;;;;;;;;;;;;;;;;1;1;1;1;1;
49490000;2;01/02/1992;;1;1;104,2417;16,2147;39,7729;12;5;1;1;1;;0;24,9083;47,9088;28,9091;24,9083;16,2147;22,2857;96,4857;59,209;17,1593;21,2066;45,2714;104,2417;45,2714;33,2094;28,9091;53,4087;33,2094;33,2094;62,2218;47,9088;40,2217;37,8093;30,1677;32,3254;33,2094;47,9088;30,1677;31,0218;24,5246;;;1;1;1;1;1;1;1;1;1;1;1;1;1;1;1;1;1;1;1;1;1;1;1;1;1;1;1;1;1;;;
49490000;2;01/03/1992;;1;1;100,3261;6,1841;21,7111;9;7;1;1;1;;0;26,0771;12,7048;10,6035;10,108;7,809;6,5725;6,1841;8,9213;100,3261;53,4087;33,2094;53,4087;37,8093;36,8653;41,2076;34,5579;29,7452;13,2599;13,542;13,542;10,8557;11,3691;10,8557;10,3543;8,4675;9,8647;11,3691;13,542;15,2969;10,6035;10,6035;1;1;1;1;1;1;1;1;1;1;1;1;1;1;1;1;1;1;1;1;1;1;1;1;1;1;1;1;1;1;1;
49490000;2;01/04/1992;;1;1;112,299;1,7868;17,8456;6;27;1;1;1;;0;5,8075;5,265;31,0218;96,4857;71,7112;112,299;75,0247;42,709;9,387;7,809;6,7711;7,809;5,9943;6,1841;4,9182;4,9182;4,9182;4,9182;3,3621;2,6952;2,6952;3,6496;2,9531;3,0865;2,9531;2,3305;1,7868;2,3305;1,7868;1,7868;;1;1;1;1;1;1;1;1;1;1;1;1;1;1;1;1;1;1;1;1;1;1;1;1;1;1;1;1;1;1;;
49490000;2;01/05/1992;;1;1;;;;;;0;0;0;;0;1,5829;1,3145;1,3145;0,9533;0,4776;0,6806;0,6806;0,6806;0,9533;1,3145;0,9533;2,3305;2,6952;1,7868;2,3305;0,6806;0,4776;0,2215;0,1458;0,1458;0,0933;;;;;;;;;;;1;1;1;1;1;1;1;1;1;1;1;1;1;1;1;1;1;1;1;1;1;;;;;;;;;;;
49490000;2;01/07/1992;;1;1;;;;;;0;0;0;;0;;;;;;;;;;;0,2215;0,4776;0,6806;0,6806;0,4776;0,2215;0,1458;0,0933;0,0933;0,9533;0,4776;0,3288;0,2215;0,2215;0,4776;0,9533;0,6806;0,4776;0,2215;0,3288;0,3288;;;;;;;;;;;1;1;1;1;1;1;1;1;1;1;1;1;1;1;1;1;1;1;1;1;1;
49490000;2;01/08/1992;;1;1;0,4776;0,0933;0,1963;1;18;1;1;1;;0;0,4776;0,2215;0,4776;0,3288;0,2215;0,2215;0,3288;0,2815;0,2601;0,3043;0,2815;0,2815;0,2815;0,2601;0,2601;0,1458;0,1458;0,0933;0,0933;0,0933;0,0933;0,0933;0,0933;0,0933;0,0933;0,0933;0,0933;0,0933;0,0933;0,0933;0,0933;1;1;1;1;1;1;1;1;1;1;1;1;1;1;1;1;1;1;1;1;1;1;1;1;1;1;1;1;1;1;1;
49490000;2;01/02/1994;;1;1;;;;;;0;0;0;;0;;;;;;;;;;;;;;;;;;;;;45,2714;14,7;4,2602;1,9925;0,7803;0,4776;0,3548;8,245;;;;;;;;;;;;;;;;;;;;;;;;1;1;1;1;1;1;1;1;;;;
49490000;2;01/03/1994;;1;1;89,7629;0,2215;12,2465;7;17;1;1;1;;0;6,1841;1,158;0,4776;1,5829;14,7;21,2066;89,7629;41,7051;7,809;6,5725;3,6496;7,809;9,387;2,9531;6,7711;2,9531;0,2215;0,4776;2,3305;0,9533;3,6496;4,9182;16,2147;17,804;13,2599;21,2066;19,4679;9,387;19,4679;16,2147;9,387;1;1;1;1;1;1;1;1;1;1;1;1;1;1;1;1;1;1;1;1;1;1;1;1;1;1;1;1;1;1;1;
49490000;2;01/04/1994;;1;1;11,6303;0,2215;2,6373;14;29;1;1;1;;0;5,6237;4,7493;2,5707;1,7868;1,3145;1,086;1,3993;1,0178;0,8923;0,8347;3,3621;3,2228;6,9727;11,6303;9,387;7,3849;4,1031;2,1022;1,5829;1,3145;1,3993;1,3145;1,158;0,8347;0,5515;0,4439;0,3548;0,2815;0,2215;0,2215;;1;1;1;1;1;1;1;1;1;1;1;1;1;1;1;1;1;1;1;1;1;1;1;1;1;1;1;1;1;1;;
49490000;2;01/05/1994;;1;1;;;;;;0;0;0;;0;;;;;;;;;;;;;;;;;;;;;;;;;;;;;;;;;;;;;;;;;;;;;;;;;;;;;;;255;255;255;255;255;;;;
49490000;2;01/06/1994;;1;1;;;;;;0;0;0;;0;;;;;33,2094;28,4956;24,9083;21,2066;14,115;11,6303;9,8647;8,245;6,7711;4,7493;5,9943;5,9943;7,1774;13,2599;71,7112;63,448;53,9752;49,5272;45,2714;35,4719;24,9083;14,997;13,827;11,6303;9,6244;7,5955;;;;;;1;1;1;1;1;1;1;1;1;1;1;1;1;1;1;1;1;1;1;1;1;1;1;1;1;1;;
49490000;2;01/07/1994;;1;1;9,6244;4,1031;6,0414;31;25;1;1;1;;0;5,9943;4,9182;5,265;8,245;8,6929;8,4675;7,809;5,9943;5,265;4,9182;5,265;6,1841;5,6237;5,8075;6,5725;6,3768;6,1841;5,9943;6,1841;5,8075;5,4429;5,0901;4,9182;4,4202;4,1031;4,4202;4,7493;4,5833;5,4429;8,9213;9,6244;1;1;1;1;1;1;1;1;1;1;1;1;1;1;1;1;1;1;1;1;1;1;1;1;1;1;1;1;1;1;1;
49490000;2;01/08/1994;;1;1;10,3543;1,086;3,5039;1;30;1;1;1;;0;10,3543;8,4675;7,5955;7,1774;7,5955;6,9727;5,6237;4,5833;3,7978;3,3621;3,3621;2,9531;2,5707;2,3305;2,1022;1,8858;1,7868;1,5829;1,3993;1,4887;1,6822;1,8858;2,4491;2,6952;2,8227;2,5707;2,3305;1,7868;1,2341;1,086;1,086;1;1;1;1;1;1;1;1;1;1;1;1;1;1;1;1;1;1;1;1;1;1;1;1;1;1;1;1;1;1;1;
49490000;2;01/09/1994;;1;1;;;;;;0;0;0;;0;0,9533;0,8347;0,729;0,635;0,5515;0,4776;0,4123;0,3548;0,3043;0,2601;0,3548;0,5134;0,729;0,8923;0,9533;0,8923;0,7803;0,6806;0,592;0,5515;0,4776;0,4439;0,3827;0,3288;0,2815;0,2402;;;;;;1;1;1;1;1;1;1;1;1;1;1;1;1;1;1;1;1;1;1;1;1;1;1;1;1;1;;;;;;
49490000;2;01/04/1995;;1;1;;;;;;0;0;0;;0;;;;;;;;;;;;;;;;;;;;;;;;;;;;;;;;;;;;;;;;;255;255;255;255;255;;;255;255;255;255;255;255;;;;;;;;;;
49490000;2;01/05/1995;;1;1;;;;;;0;0;0;;0;;;;;;;;;;;;;;;;;;;;;;;;;;;;;;;;;254;255;255;255;255;255;255;255;255;255;;;;;;;;;;;;;;;;;;;;;
49490000;2;01/06/1995;;1;1;;;;;;0;0;0;;0;;;;;;;2,9531;3,6496;4,2602;4,5833;3,949;3,2228;2,5707;1,9925;1,3993;1,086;0,9533;0,8923;0,8347;0,729;0,635;0,5134;0,4123;0,3548;0,3043;0,2402;;;;;;;;;;;;1;1;1;1;1;1;1;1;1;1;1;1;1;1;1;1;1;1;1;1;;;;;;
49490000;2;01/11/1995;;1;1;;;;;;0;0;0;;0;;;;;;;;;;;;;;;;;;;;;;;;;;;;;;;;;;;;;;;;;;;;;;;;;;;;;;;;;;254;255;255;;;
49490000;2;01/04/1996;;1;1;;;;;;0;0;0;;0;;;;;;;;;;;1,3993;0,8923;0,592;0,2815;0,5515;1,086;1,6822;1,3145;1,086;0,7803;1,086;1,4887;2,5707;2,5707;1,7868;9,8647;11,8945;17,804;29,7452;13,542;;;;;;;;;;;;1;1;1;1;1;1;1;1;1;1;1;1;1;1;1;1;1;1;1;1;;
49490000;2;01/05/1996;;1;1;29,3257;1,6822;8,5915;12;27;1;1;1;;0;11,1109;9,6244;6,7711;5,9943;5,265;5,265;15,5998;15,2969;13,2599;12,1616;26,8713;29,3257;24,144;17,804;12,9809;8,9213;6,9727;5,8075;4,1031;2,9531;2,1022;2,5707;2,9531;2,5707;2,2149;1,8858;1,6822;1,8858;2,3305;2,8227;3,0865;1;1;1;1;1;1;1;1;1;1;1;1;1;1;1;1;1;1;1;1;1;1;1;1;1;1;1;1;1;1;1;
49490000;2;01/06/1996;;1;1;62,2218;2,2149;15,21;15;12;1;1;1;;0;4,1031;5,4429;6,1841;4,9182;4,2602;3,3621;3,2228;3,2228;2,9531;2,6952;2,4491;2,2149;3,0865;48,9847;62,2218;46,3173;37,3358;36,8653;33,6559;28,085;21,2066;17,4801;13,827;11,6303;10,3543;9,387;8,4675;7,5955;7,3849;7,3849;;1;1;1;1;1;1;1;1;1;1;1;1;1;1;1;1;1;1;1;1;1;1;1;1;1;1;1;1;1;1;;
49490000;2;01/07/1996;;1;1;10,8557;3,3621;7,4345;29;14;1;1;1;;0;7,3849;7,5955;8,9213;9,8647;8,9213;8,245;8,245;7,5955;6,7711;5,9943;5,0901;4,5833;3,949;3,3621;3,3621;4,7493;7,809;10,3543;10,108;8,245;7,5955;6,7711;6,5725;8,4675;8,4675;6,7711;6,5725;8,4675;10,8557;9,6244;9,1527;1;1;1;1;1;1;1;1;1;1;1;1;1;1;1;1;1;1;1;1;1;1;1;1;1;1;1;1;1;1;1;
49490000;2;01/08/1996;;1;1;31,8878;7,5955;18,9032;10;2;1;1;1;;0;8,6929;7,5955;9,387;12,9809;21,923;26,8713;26,0771;26,0771;31,4533;31,8878;29,7452;28,085;26,8713;24,9083;22,6514;20,5022;19,1292;18,4606;16,8414;18,7934;18,1308;17,4801;16,5265;15,5998;14,997;14,406;13,827;13,542;13,2599;10,6035;8,6929;1;1;1;1;1;1;1;1;1;1;1;1;1;1;1;1;1;1;1;1;1;1;1;1;1;1;1;1;1;1;1;
49490000;2;01/09/1996;;1;1;7,5955;0,2042;2,0359;1;30;1;1;1;;0;7,5955;6,9727;5,8075;4,9182;4,2602;3,6496;3,0865;2,8227;2,5707;2,3305;2,1022;1,8858;1,6822;1,4887;1,3145;1,158;1,0178;0,8923;0,8347;0,729;0,635;0,5515;0,4776;0,4439;0,4123;0,3827;0,3288;0,2815;0,2402;0,2042;;1;1;1;1;1;1;1;1;1;1;1;1;1;1;1;1;1;1;1;1;1;1;1;1;1;1;1;1;1;1;;
49490000;2;01/11/1996;;1;1;;;;;;0;0;0;;0;;;;;;;;;;;;;;;;;;;;;;;;;;;;;;;;;;;;;;;;;;;;;;;255;255;255;255;255;255;255;255;255;255;255;;;;;;
49490000;2;01/01/1997;;1;1;;;;;;0;0;0;;0;;;;;;;;;;;;;;;;;;;;;;;;;;;;;;;;;;;;;;;;;;;;;;;;;;;;;;;255;255;255;255;255;255;255;255;
49490000;2;01/02/1997;;1;1;;;;;;0;0;0;;0;;;;;;;;;;;;;;;;;;;;;;;;;;;;;;;;255;255;255;255;255;255;;;;;;;;;;;;;;;;;;;;;;;;;;
49490000;2;01/03/1997;;1;1;;;;;;0;0;0;;0;;;;;;;;;;;;;;;;;;;;;;;;7,1774;26,8713;85,4165;73,6903;38,2858;27,6774;15,2969;12,1616;;;;;;;;;;;;;;;;;;;;;;;;1;1;1;1;1;1;1;1;
49490000;2;01/04/1997;;1;1;25,6845;3,6496;10,6505;26;9;1;1;1;;0;11,3691;10,3543;9,6244;8,9213;8,0255;6,7711;5,6237;4,5833;3,6496;4,2602;5,0901;5,0901;5,0901;4,9182;5,4429;7,809;9,8647;11,6303;11,6303;10,3543;9,1527;8,245;7,5955;15,2969;24,144;25,6845;23,7664;20,8529;18,4606;16,2147;;1;1;1;1;1;1;1;1;1;1;1;1;1;1;1;1;1;1;1;1;1;1;1;1;1;1;1;1;1;1;;
49490000;2;01/05/1997;;1;1;25,6845;10,108;14,593;17;31;1;1;1;;0;15,9058;14,7;12,9809;12,1616;10,8557;13,542;14,7;13,827;12,7048;16,8414;21,2066;19,1292;16,8414;13,827;12,1616;11,1109;25,6845;22,2857;19,1292;16,5265;14,406;13,2599;12,1616;12,7048;12,9809;11,8945;13,827;12,4317;11,6303;10,8557;10,108;1;1;1;1;1;1;1;1;1;1;1;1;1;1;1;1;1;1;1;1;1;1;1;1;1;1;1;1;1;1;1;
49490000;2;01/06/1997;;1;1;12,1616;0,9533;4,2367;5;30;1;1;1;;0;9,1527;8,0255;7,3849;9,8647;12,1616;10,8557;9,1527;7,5955;6,1841;4,9182;3,949;3,0865;2,4491;2,1022;1,7868;1,4887;1,3145;1,2341;3,6496;3,2228;2,8227;2,4491;2,2149;1,9925;1,7868;1,5829;1,3993;1,2341;1,086;0,9533;;1;1;1;1;1;1;1;1;1;1;1;1;1;1;1;1;1;1;1;1;1;1;1;1;1;1;1;1;1;1;;
49490000;2;01/07/1997;;1;1;15,5998;0,5515;5,5261;19;13;1;1;1;;0;1,7868;1,7868;1,7868;1,4887;1,3145;1,158;1,0178;0,8923;0,7803;0,6806;0,635;0,592;0,5515;2,5707;6,1841;5,8075;5,4429;4,9182;15,5998;14,7;14,115;12,9809;11,8945;10,6035;9,387;8,6929;7,809;7,1774;6,7711;6,3768;5,8075;1;1;1;1;1;1;1;1;1;1;1;1;1;1;1;1;1;1;1;1;1;1;1;1;1;1;1;1;1;1;1;
49490000;2;01/08/1997;;1;1;12,1616;3,0865;7,1829;20;31;1;1;1;;0;5,4429;5,0901;4,7493;4,2602;7,1774;5,9943;5,4429;5,6237;6,7711;6,3768;9,1527;8,4675;8,6929;8,245;7,5955;10,8557;9,6244;8,6929;8,245;12,1616;11,3691;10,3543;8,9213;8,0255;6,9727;6,1841;5,6237;5,0901;4,5833;3,7978;3,0865;1;1;1;1;1;1;1;1;1;1;1;1;1;1;1;1;1;1;1;1;1;1;1;1;1;1;1;1;1;1;1;
49490000;2;01/09/1997;;1;1;;;;;;0;0;0;;0;2,6952;2,2149;1,6822;1,3145;1,086;0,9533;0,8347;0,729;0,635;0,5515;0,4776;0,4123;0,3548;0,3043;0,2601;0,2215;;;;;;;;;;;;;;;;1;1;1;1;1;1;1;1;1;1;1;1;1;1;1;1;;;;;;;;;;;;;;;;
49490000;2;01/03/1999;;1;1;;;;;;0;0;0;;0;;;;;;;;;;;;;;;;;;;;;;;;;;;;;;;;;;;;;;;;;;;;;;;;;;;254;255;255;255;255;254;;;;;;;
49490000;2;01/09/1999;;1;1;;;;;;0;0;0;;0;;;;;;;;;;;;;;;0,0474;0,058;0,0639;0,0704;0,0851;0,0851;0,0774;0,0851;0,0933;0,0851;0,0851;0,0851;0,0851;0,0851;0,0851;0,0851;;;;;;;;;;;;;;;;1;1;1;1;1;1;1;1;1;1;1;1;1;1;1;1;;
49490000;2;01/10/1999;;1;1;0,1336;0,028;0,0716;7;22;1;1;1;;0;0,0704;0,0704;0,0774;0,0933;0,1119;0,1224;0,1336;0,1336;0,1224;0,1119;0,1023;0,0933;0,0851;0,0851;0,0774;0,0639;0,058;0,0525;0,0474;0,0386;0,0312;0,028;0,0312;0,0347;0,0386;0,0428;0,0525;0,058;0,0525;0,0474;0,0525;1;1;1;1;1;1;1;1;1;1;1;1;1;1;1;1;1;1;1;1;1;1;1;1;1;1;1;1;1;1;1;
49490000;2;01/11/1999;;1;1;5,0679;0,02;0,3974;3;18;1;1;1;;0;0,058;4,0375;5,0679;0,592;0,2215;0,1588;0,1224;0,0933;0,0639;0,0474;0,0386;0,0347;0,0312;0,028;0,028;0,0251;0,0224;0,02;0,0224;0,0428;0,0851;0,1458;0,1588;0,1119;0,1119;0,1224;0,1224;0,1119;0,1023;0,0933;;1;1;1;1;1;1;1;1;1;1;1;1;1;1;1;1;1;1;1;1;1;1;1;1;1;1;1;1;1;1;;
49490000;2;01/12/1999;;1;1;18,5292;0,014;2,0483;26;9;1;1;1;;0;0,0851;0,0704;0,058;0,0428;0,0347;0,0251;0,02;0,0158;0,014;0,0158;0,0178;0,0178;0,0158;0,0178;0,02;0,0224;0,0428;11,6292;1,086;0,2601;1,0178;0,3288;0,2215;0,1336;0,0851;18,5292;10,9144;7,8939;5,7126;3,2522;1,8969;1;1;1;1;1;1;1;1;1;1;1;1;1;1;1;1;1;1;1;1;1;1;1;1;1;1;1;1;1;1;1;
49490000;2;01/01/2000;;1;1;3,3768;0,0224;0,7651;22;10;1;1;1;;0;1,2341;0,8347;0,4439;0,2601;0,1588;0,1023;0,0639;0,0386;0,0251;0,0224;0,2601;0,6806;0,5515;0,729;1,3993;0,592;0,4776;1,086;0,592;0,3827;1,7868;3,3768;1,2341;0,4776;2,0128;1,8969;1,086;0,8347;0,5515;0,3043;0,2215;1;1;1;1;1;1;1;1;1;1;1;1;1;1;1;1;1;1;1;1;1;1;1;1;1;1;1;1;1;1;1;
49490000;2;01/02/2000;;1;1;6,7567;0,0474;1,9298;18;14;1;1;1;;0;0,8347;1,158;0,6806;0,592;0,5134;0,4123;0,3043;0,1879;0,1458;0,1119;0,0851;0,0704;0,058;0,0474;0,0933;0,3827;1,7868;6,7567;6,5762;4,9131;4,7608;5,2253;4,1771;3,6336;3,3768;3,13;2,5388;2,0128;1,3993;;;1;1;1;1;1;1;1;1;1;1;1;1;1;1;1;1;1;1;1;1;1;1;1;1;1;1;1;1;1;;;
49490000;2;01/03/2000;;1;1;12,8741;0,1336;2,5239;14;11;1;1;1;;0;1,158;0,8923;0,7803;0,729;0,592;0,4776;0,3827;0,3043;0,2402;0,1729;0,1336;0,6806;0,4776;12,8741;9,7762;8,7042;7,5044;6,0503;5,0679;4,3192;3,3768;2,3974;1,6822;1,086;0,729;0,5515;1,3993;2,2627;1,3993;1,086;0,9533;1;1;1;1;1;1;1;1;1;1;1;1;1;1;1;1;1;1;1;1;1;1;1;1;1;1;1;1;1;1;1;
49490000;2;01/04/2000;;1;1;4,9131;0,0347;1,0095;16;15;1;1;1;;0;1,3993;0,9533;0,729;0,592;0,4123;0,3043;0,2402;0,1879;0,1458;0,1119;0,1023;0,0851;0,0639;0,0474;0,0347;4,9131;4,3192;3,13;2,2627;1,8969;1,5829;1,3993;1,086;0,8923;0,7803;0,6806;0,592;0,5134;0,4439;0,3827;;1;1;1;1;1;1;1;1;1;1;1;1;1;1;1;1;1;1;1;1;1;1;1;1;1;1;1;1;1;1;;
49490000;2;01/05/2000;;1;1;1,086;0,0347;0,2101;8;31;1;1;1;;0;0,3288;0,2815;0,2402;0,2042;0,1729;0,1336;0,1023;1,086;0,635;0,4439;0,3288;0,2601;0,2042;0,1458;0,3548;0,2402;0,1879;0,1729;0,1458;0,1224;0,1023;0,0851;0,0704;0,058;0,0851;0,0704;0,0639;0,058;0,0525;0,0428;0,0347;1;1;1;1;1;1;1;1;1;1;1;1;1;1;1;1;1;1;1;1;1;1;1;1;1;1;1;1;1;1;1;
49490000;2;01/06/2000;;1;1;2,6873;0,0224;0,5468;5;4;1;1;1;;0;0,028;0,028;0,0251;0,0224;2,6873;1,6822;1,086;0,8347;1,0178;0,9533;0,7803;0,592;0,5134;0,4776;0,4439;0,3827;0,3288;0,3043;0,2815;0,2601;0,2402;0,2215;0,2042;0,7803;0,5515;0,4439;0,3827;0,3288;0,2815;0,2402;;1;1;1;1;1;1;1;1;1;1;1;1;1;1;1;1;1;1;1;1;1;1;1;1;1;1;1;1;1;1;;
49490000;2;01/07/2000;;1;1;0,729;0,0097;0,2056;9;31;1;1;1;;0;0,2215;0,1879;0,1458;0,2601;0,4123;0,3548;0,3043;0,2601;0,729;0,592;0,5134;0,4123;0,3288;0,2815;0,2402;0,1879;0,1588;0,1458;0,1224;0,1023;0,0851;0,0704;0,058;0,0474;0,0386;0,0312;0,0251;0,02;0,0158;0,0124;0,0097;1;1;1;1;1;1;1;1;1;1;1;1;1;1;1;1;1;1;1;1;1;1;1;1;1;1;1;1;1;1;1;
49490000;2;01/08/2000;;1;1;1,086;0,1336;0,3576;8;31;1;1;1;;0;0,3827;0,3288;0,2815;0,2402;0,1879;0,1588;0,4776;1,086;0,8347;0,729;0,635;0,5515;0,4776;0,4123;0,3548;0,3043;0,2601;0,2215;0,1879;0,1588;0,2402;0,3548;0,3827;0,3288;0,3043;0,2601;0,2402;0,2215;0,1879;0,1588;0,1336;1;1;1;1;1;1;1;1;1;1;1;1;1;1;1;1;1;1;1;1;1;1;1;1;1;1;1;1;1;1;1;
49490000;2;01/09/2000;;1;1;0,1458;0,0639;0,0877;16;12;1;1;1;;0;0,1023;0,0774;0,0774;0,0774;0,0774;0,0774;0,0774;0,0774;0,0704;0,0704;0,0704;0,0639;0,0639;0,0639;0,0933;0,1458;0,1336;0,1224;0,1224;0,1119;0,1119;0,1023;0,0933;0,0933;0,0851;0,0851;0,0774;0,0704;0,0704;0,0639;;1;1;1;1;1;1;1;1;1;1;1;1;1;1;1;1;1;1;1;1;1;1;1;1;1;1;1;1;1;1;;
49490000;2;01/10/2000;;1;1;0,058;0,0386;0,045;1;7;1;1;1;;0;0,058;0,058;0,0525;0,0474;0,0428;0,0428;0,0386;0,0386;0,0474;0,0474;0,0474;0,0474;0,0474;0,0474;0,0474;0,0474;0,0474;0,0474;0,0474;0,0474;0,0428;0,0428;0,0428;0,0428;0,0428;0,0386;0,0386;0,0386;0,0386;0,0386;0,0386;1;1;1;1;1;1;1;1;1;1;1;1;1;1;1;1;1;1;1;1;1;1;1;1;1;1;1;1;1;1;1;
49490000;2;01/11/2000;;1;1;8,2938;0,0251;0,892;10;30;1;1;1;;0;0,0386;0,0386;0,0386;0,0312;0,0312;0,0312;0,0312;0,0312;4,1771;8,2938;5,7126;3,9003;2,1346;0,9533;0,4439;0,1729;0,1119;0,0933;0,0774;0,0639;0,0525;0,0428;0,0386;0,0386;0,0347;0,0347;0,0312;0,028;0,028;0,0251;;1;1;1;1;1;1;1;1;1;1;1;1;1;1;1;1;1;1;1;1;1;1;1;1;1;1;1;1;1;1;;
49490000;2;01/12/2000;;1;1;1,5829;0,0251;0,3531;17;1;1;1;1;;0;0,0251;0,0251;0,0251;0,0251;0,0251;0,0251;0,0251;0,0251;0,0251;0,0251;0,0251;0,0312;0,0474;0,0933;0,1336;0,2042;1,5829;1,4887;1,3145;1,2341;1,0178;0,8347;0,635;0,5134;0,4123;0,3288;0,2402;0,1879;0,1458;0,1224;0,1023;1;1;1;1;1;1;1;1;1;1;1;1;1;1;1;1;1;1;1;1;1;1;1;1;1;1;1;1;1;1;1;
49490000;2;01/01/2001;;1;1;0,0774;0,02;0,031;1;12;1;1;1;;0;0,0774;0,0639;0,0474;0,0386;0,0312;0,0312;0,028;0,028;0,0251;0,0251;0,0224;0,02;0,02;0,0224;0,0224;0,0224;0,0251;0,0251;0,0251;0,028;0,028;0,028;0,028;0,0312;0,0312;0,0312;0,0312;0,0312;0,0312;0,0312;0,0312;1;1;1;1;1;1;1;1;1;1;1;1;1;1;1;1;1;1;1;1;1;1;1;1;1;1;1;1;1;1;1;
49490000;2;01/02/2001;;1;1;0,0312;0,0251;0,027;1;5;1;1;1;;0;0,0312;0,028;0,028;0,028;0,0251;0,0251;0,0251;0,0251;0,0251;0,0251;0,0251;0,0251;0,0251;0,0251;0,0251;0,0251;0,028;0,028;0,028;0,028;0,0312;0,0312;0,0312;0,028;0,028;0,028;0,0251;0,0251;;;;1;1;1;1;1;1;1;1;1;1;1;1;1;1;1;1;1;1;1;1;1;1;1;1;1;1;1;1;;;;
49490000;2;01/03/2001;;1;1;0,0386;0,0251;0,0313;14;1;1;1;1;;0;0,0251;0,028;0,028;0,028;0,0251;0,0251;0,028;0,028;0,0312;0,0312;0,0312;0,0347;0,0347;0,0386;0,0386;0,0347;0,0347;0,0347;0,0312;0,028;0,0251;0,0251;0,028;0,028;0,0312;0,0312;0,0347;0,0347;0,0386;0,0386;0,0347;1;1;1;1;1;1;1;1;1;1;1;1;1;1;1;1;1;1;1;1;1;1;1;1;1;1;1;1;1;1;1;
49490000;2;01/04/2001;;1;1;0,0474;0,0386;0,0435;11;1;1;1;1;;0;0,0386;0,0386;0,0428;0,0428;0,0428;0,0428;0,0428;0,0428;0,0428;0,0428;0,0474;0,0474;0,0474;0,0474;0,0474;0,0474;0,0474;0,0474;0,0474;0,0428;0,0428;0,0428;0,0428;0,0386;0,0386;0,0386;0,0428;0,0428;0,0428;0,0428;;1;1;1;1;1;1;1;1;1;1;1;1;1;1;1;1;1;1;1;1;1;1;1;1;1;1;1;1;1;1;;
49490000;2;01/05/2001;;1;1;0,0428;0,014;0,0337;1;31;1;1;1;;0;0,0428;0,0428;0,0428;0,0428;0,0386;0,0386;0,0386;0,0428;0,0428;0,0428;0,0386;0,0386;0,0386;0,0386;0,0386;0,0386;0,0386;0,0347;0,0312;0,0312;0,0312;0,028;0,0251;0,0251;0,0312;0,0251;0,0251;0,0224;0,02;0,0158;0,014;1;1;1;1;1;1;1;1;1;1;1;1;1;1;1;1;1;1;1;1;1;1;1;1;1;1;1;1;1;1;1;
49490000;2;01/06/2001;;1;1;0,5515;0,0158;0,1003;25;1;1;1;1;;0;0,0158;0,0178;0,02;0,0224;0,0251;0,3827;0,0474;0,0251;0,0312;0,0474;0,0774;0,1023;0,1458;0,1119;0,0933;0,0851;0,0639;0,0525;0,0347;0,0251;0,02;0,028;0,0347;0,0639;0,5515;0,2402;0,1588;0,1224;0,1588;0,2042;;1;1;1;1;1;1;1;1;1;1;1;1;1;1;1;1;1;1;1;1;1;1;1;1;1;1;1;1;1;1;;
49490000;2;01/07/2001;;1;1;1,6822;0,1224;0,4877;22;2;1;1;1;;0;0,1588;0,1224;0,1458;0,1588;0,1729;0,1879;0,2815;0,4123;0,729;0,7803;0,4439;0,2815;0,2402;0,2815;0,4123;0,635;0,635;0,5134;0,4439;0,5515;1,2341;1,6822;1,158;0,592;0,4439;0,4439;0,4439;0,3827;0,4123;0,3548;0,3827;1;1;1;1;1;1;1;1;1;1;1;1;1;1;1;1;1;1;1;1;1;1;1;1;1;1;1;1;1;1;1;
49490000;2;01/08/2001;;1;1;3,7657;0,2042;0,9422;15;6;1;1;1;;0;0,3288;0,3043;0,2815;0,2601;0,2402;0,2042;0,2042;0,2402;0,2601;0,3288;0,635;1,086;0,7803;1,2341;3,7657;2,8931;2,0128;1,7868;1,2341;0,8923;0,729;0,635;0,6806;1,086;1,086;0,8923;1,2341;1,086;1,0178;0,9533;0,8347;1;1;1;1;1;1;1;1;1;1;1;1;1;1;1;1;1;1;1;1;1;1;1;1;1;1;1;1;1;1;1;
49490000;2;01/09/2001;;1;1;0,7803;0,0386;0,1864;1;30;1;1;1;;0;0,7803;0,635;0,5515;0,4123;0,3043;0,2815;0,2601;0,2402;0,2215;0,2042;0,1879;0,1729;0,1588;0,1336;0,1119;0,0933;0,0851;0,0774;0,0774;0,0704;0,0704;0,0639;0,0639;0,058;0,0525;0,0525;0,0474;0,0428;0,0428;0,0386;;1;1;1;1;1;1;1;1;1;1;1;1;1;1;1;1;1;1;1;1;1;1;1;1;1;1;1;1;1;1;;
49490000;2;01/10/2001;;1;1;0,0347;0,02;0,0243;1;29;1;1;1;;0;0,0347;0,0312;0,028;0,028;0,0251;0,0251;0,0251;0,0251;0,0251;0,0251;0,0251;0,0224;0,0224;0,0224;0,0224;0,0224;0,0224;0,0224;0,0224;0,0251;0,0251;0,0251;0,0251;0,0251;0,0251;0,0224;0,0224;0,0224;0,02;0,02;0,02;1;1;1;1;1;1;1;1;1;1;1;1;1;1;1;1;1;1;1;1;1;1;1;1;1;1;1;1;1;1;1;
49490000;2;01/11/2001;;1;1;0,028;0,0224;0,0254;7;1;1;1;1;;0;0,0224;0,0224;0,0224;0,0251;0,0251;0,0251;0,028;0,028;0,0251;0,0251;0,0251;0,0251;0,0251;0,0251;0,0251;0,0251;0,0251;0,0251;0,0251;0,0251;0,0251;0,0251;0,0251;0,0251;0,0251;0,0251;0,028;0,028;0,028;0,028;;1;1;1;1;1;1;1;1;1;1;1;1;1;1;1;1;1;1;1;1;1;1;1;1;1;1;1;1;1;1;;
49490000;2;01/12/2001;;1;1;0,028;0,0251;0,0267;15;1;1;1;1;;0;0,0251;0,0251;0,0251;0,0251;0,0251;0,0251;0,0251;0,0251;0,0251;0,0251;0,0251;0,0251;0,0251;0,0251;0,028;0,028;0,028;0,028;0,028;0,028;0,028;0,028;0,028;0,028;0,028;0,028;0,028;0,028;0,028;0,028;0,028;1;1;1;1;1;1;1;1;1;1;1;1;1;1;1;1;1;1;1;1;1;1;1;1;1;1;1;1;1;1;1;
49490000;2;01/01/2002;;1;1;48,9847;0,0774;8,3338;4;1;1;1;1;;0;0,0774;0,1224;2,0128;48,9847;11,6292;4,1771;3,9003;4,7608;6,7567;8,7042;8,7042;9,3395;8,2938;7,5044;7,1253;6,5762;5,8802;6,3983;8,9133;7,5044;8,2938;9,3395;9,7762;11,15;11,6292;9,5565;8,2938;7,5044;6,0503;5,0679;4,3192;1;1;1;1;1;1;1;1;1;1;1;1;1;1;1;1;1;1;1;1;1;1;1;1;1;1;1;1;1;1;1;
49490000;2;01/02/2002;;1;1;47,9088;1,4887;13,1856;6;28;1;1;1;;0;4,3192;5,7126;5,5476;33,1549;25,2827;47,9088;38,4227;11,6292;5,5476;9,9986;25,2827;29,8706;15,5657;9,7762;8,7042;10,6815;22,4482;15,2844;11,15;8,4977;5,3852;4,0375;3,6336;3,13;2,6873;2,2627;1,7868;1,4887;;;;1;1;1;1;1;1;1;1;1;1;1;1;1;1;1;1;1;1;1;1;1;1;1;1;1;1;1;1;;;;
49490000;2;01/03/2002;;1;1;;;;;;0;0;0;;0;1,7868;4,1771;7,5044;13,6532;18,5292;22,7928;26,3918;23,4902;22,7928;22,4482;22,1064;21,4311;21,0977;20,439;19,4717;18,5292;17,6115;;;;;;;;;;;;;;;1;1;1;1;1;1;1;1;1;1;1;1;1;1;1;1;1;;;;;;;;;;;;;;;
49490000;2;01/05/2002;;1;1;;;;;;0;0;0;;0;;;;;0,1729;0,1729;0,1729;0,1729;0,1729;0,1729;0,1588;0,1458;0,1336;0,1224;0,1119;0,1023;0,0933;0,0851;0,0774;0,0704;0,0639;0,058;0,0525;0,0428;0,0386;0,0347;0,0704;0,1119;0,1023;0,0851;0,0851;;;;;1;1;1;1;1;1;1;1;1;1;1;1;1;1;1;1;1;1;1;1;1;1;1;1;1;1;1;
49490000;2;01/06/2002;;1;1;0,3827;0,0851;0,1927;30;1;1;1;1;;0;0,0851;0,0851;0,0851;0,0851;0,0851;0,0851;0,0851;0,0933;0,1023;0,1023;0,1119;0,1119;0,1224;0,1224;0,1336;0,2042;0,2601;0,2815;0,2815;0,2402;0,2402;0,2601;0,2815;0,3043;0,3288;0,3288;0,3043;0,3043;0,2815;0,3827;;1;1;1;1;1;1;1;1;1;1;1;1;1;1;1;1;1;1;1;1;1;1;1;1;1;1;1;1;1;1;;
49490000;2;01/07/2002;;1;1;0,9533;0,2815;0,544;6;19;1;1;1;;0;0,3827;0,3827;0,5134;0,592;0,7803;0,9533;0,9533;0,8923;0,8923;0,8347;0,7803;0,729;0,635;0,5515;0,4776;0,4439;0,3827;0,3288;0,2815;0,3043;0,3288;0,3288;0,3827;0,3827;0,4439;0,5134;0,4776;0,5134;0,5134;0,4439;0,4439;1;1;1;1;1;1;1;1;1;1;1;1;1;1;1;1;1;1;1;1;1;1;1;1;1;1;1;1;1;1;1;
49490000;2;01/08/2002;;1;1;0,4439;0,0774;0,2264;1;16;1;1;1;;0;0,4439;0,4439;0,4123;0,3827;0,3548;0,3288;0,3043;0,2815;0,2402;0,2042;0,1729;0,1458;0,1224;0,1023;0,0851;0,0774;0,1119;0,1458;0,2042;0,2815;0,3043;0,2815;0,2402;0,2215;0,2042;0,1879;0,1729;0,1588;0,1458;0,1336;0,1224;1;1;1;1;1;1;1;1;1;1;1;1;1;1;1;1;1;1;1;1;1;1;1;1;1;1;1;1;1;1;1;
49490000;2;01/09/2002;;1;1;0,1119;0,0312;0,0542;1;20;1;1;1;;0;0,1119;0,1023;0,0933;0,0851;0,0774;0,0704;0,0639;0,0704;0,0851;0,0851;0,0774;0,0704;0,0525;0,0428;0,0428;0,0386;0,0386;0,0386;0,0347;0,0312;0,0312;0,0312;0,0312;0,0312;0,0312;0,0312;0,0312;0,0312;0,0312;0,0312;;1;1;1;1;1;1;1;1;1;1;1;1;1;1;1;1;1;1;1;1;1;1;1;1;1;1;1;1;1;1;;
49490000;2;01/10/2002;;1;1;0,0386;0,0312;0,033;8;1;1;1;1;;0;0,0312;0,0312;0,0312;0,0312;0,0312;0,0312;0,0312;0,0386;0,0386;0,0312;0,0312;0,0312;0,0312;0,0312;0,0312;0,0312;0,0312;0,0312;0,0347;0,0347;0,0347;0,0386;0,0386;0,0386;0,0347;0,0347;0,0312;0,0312;0,0312;0,0312;0,0312;1;1;1;1;1;1;1;1;1;1;1;1;1;1;1;1;1;1;1;1;1;1;1;1;1;1;1;1;1;1;1;
49490000;2;01/11/2002;;1;1;0,0312;0,0251;0,0297;1;30;1;1;1;;0;0,0312;0,0312;0,0312;0,0312;0,0312;0,0312;0,0312;0,0312;0,0312;0,0312;0,0312;0,028;0,028;0,028;0,028;0,0312;0,0312;0,0312;0,0312;0,0312;0,0312;0,028;0,028;0,028;0,028;0,028;0,028;0,028;0,028;0,0251;;1;1;1;1;1;1;1;1;1;1;1;1;1;1;1;1;1;1;1;1;1;1;1;1;1;1;1;1;1;1;;
49490000;2;01/12/2002;;1;1;0,1224;0,0224;0,0338;28;15;1;1;1;;0;0,0251;0,0251;0,0251;0,0251;0,0251;0,0251;0,0251;0,0251;0,0251;0,0251;0,0251;0,0251;0,0251;0,0251;0,0224;0,0224;0,0224;0,0224;0,0224;0,0224;0,0224;0,0224;0,0224;0,0251;0,028;0,0347;0,0851;0,1224;0,0851;0,0639;0,0525;1;1;1;1;1;1;1;1;1;1;1;1;1;1;1;1;1;1;1;1;1;1;1;1;1;1;1;1;1;1;1;
49490000;2;01/01/2003;;1;1;1,0178;0,0224;0,0981;21;30;1;1;1;;0;0,0428;0,0386;0,0386;0,0386;0,0347;0,0347;0,0347;0,0312;0,0312;0,028;0,028;0,028;0,0251;0,0251;0,0386;0,0525;0,0704;0,1119;0,1119;0,0639;1,0178;0,7803;0,1224;0,0312;0,0312;0,028;0,028;0,0251;0,0251;0,0224;0,0224;1;1;1;1;1;1;1;1;1;1;1;1;1;1;1;1;1;1;1;1;1;1;1;1;1;1;1;1;1;1;1;
49490000;2;01/02/2003;;1;1;0,9533;0,0224;0,1347;1;21;1;1;1;;0;0,9533;0,729;0,4439;0,2601;0,1729;0,1023;0,0704;0,0639;0,0474;0,0386;0,0312;0,0312;0,0312;0,028;0,028;0,028;0,0251;0,0251;0,0251;0,0251;0,0224;0,0347;0,058;0,0851;0,0851;0,1224;0,1119;0,0933;;;;1;1;1;1;1;1;1;1;1;1;1;1;1;1;1;1;1;1;1;1;1;1;1;1;1;1;1;1;;;;
49490000;2;01/03/2003;;1;1;2,6873;0,028;0,2484;31;19;1;1;1;;0;0,0933;0,1023;0,1023;0,1336;1,3145;0,6806;0,4776;0,3548;0,2402;0,1588;0,1023;0,0704;0,0525;0,0428;0,0386;0,0347;0,0312;0,0312;0,028;0,028;0,0347;0,0933;0,1588;0,1336;0,1119;0,0933;0,0774;0,0704;0,0639;0,058;2,6873;1;1;1;1;1;1;1;1;1;1;1;1;1;1;1;1;1;1;1;1;1;1;1;1;1;1;1;1;1;1;1;
49490000;2;01/04/2003;;1;1;0,635;0,02;0,0705;1;13;1;1;1;;0;0,635;0,3043;0,1879;0,1336;0,0933;0,0704;0,0525;0,0428;0,0312;0,0251;0,0224;0,0224;0,02;0,0224;0,0224;0,0251;0,0251;0,028;0,028;0,028;0,028;0,0312;0,0312;0,0312;0,0312;0,0312;0,028;0,028;0,028;0,028;;1;1;1;1;1;1;1;1;1;1;1;1;1;1;1;1;1;1;1;1;1;1;1;1;1;1;1;1;1;1;;
49490000;2;01/05/2003;;1;1;0,058;0,0312;0,036;29;1;1;1;1;;0;0,0312;0,0312;0,0312;0,0312;0,0312;0,0312;0,0312;0,0312;0,0312;0,0312;0,0312;0,0312;0,0312;0,0312;0,0312;0,0312;0,0312;0,0312;0,0312;0,0312;0,0312;0,0312;0,0312;0,0386;0,0428;0,0474;0,0474;0,0525;0,058;0,058;0,0525;1;1;1;1;1;1;1;1;1;1;1;1;1;1;1;1;1;1;1;1;1;1;1;1;1;1;1;1;1;1;1;
49490000;2;01/06/2003;;1;1;0,0639;0,0312;0,0481;27;5;1;1;1;;0;0,0474;0,0428;0,0386;0,0347;0,0312;0,0312;0,0312;0,0312;0,0347;0,0347;0,0386;0,0428;0,0428;0,0474;0,0474;0,0525;0,0525;0,058;0,058;0,0525;0,0525;0,0525;0,058;0,058;0,058;0,058;0,0639;0,0639;0,0639;0,0639;;1;1;1;1;1;1;1;1;1;1;1;1;1;1;1;1;1;1;1;1;1;1;1;1;1;1;1;1;1;1;;
49490000;2;01/07/2003;;1;1;0,0704;0,0474;0,0586;9;24;1;1;1;;0;0,0639;0,058;0,058;0,0639;0,0639;0,0639;0,0639;0,0639;0,0704;0,0704;0,0704;0,0704;0,0639;0,0639;0,0639;0,0639;0,058;0,058;0,058;0,0525;0,0525;0,0525;0,0525;0,0474;0,0474;0,0474;0,0474;0,0474;0,0525;0,0525;0,0525;1;1;1;1;1;1;1;1;1;1;1;1;1;1;1;1;1;1;1;1;1;1;1;1;1;1;1;1;1;1;1;
49490000;2;01/08/2003;;1;1;;;;;;0;0;0;;0;0,0525;0,0525;0,0525;0,0525;0,0525;;;;;;;;;;;;;;;;;;;;;;;;;;;1;1;1;1;1;;;;;;;;;;;;;;;;;;;;;;;;;;;
49490000;2;01/11/2003;;1;1;;;;;;0;0;0;;0;;;;;15,5657;2,8931;0,5515;0,5515;0,4439;0,3548;0,3288;0,3043;0,2601;0,2215;0,1879;0,1458;0,1119;0,0851;0,0704;0,0704;0,0639;0,058;0,0525;0,058;0,058;0,0639;0,0639;0,0639;0,0639;0,0639;;;;;;1;1;1;1;1;1;1;1;1;1;1;1;1;1;1;1;1;1;1;1;1;1;1;1;1;1;;
49490000;2;01/12/2003;;1;1;;;;;;0;0;0;;0;0,0639;0,0639;0,0639;0,0639;0,0639;;;;;;;;;;;;;;;;;;;;;;;;;;;1;1;1;1;1;;;;;;;;;;;;;;;;;;;;;;;;;;;
49490000;2;01/01/2004;;1;1;;;;;;0;0;0;;0;;;;;;;;;;;;;;;;;;;;;;;;;;;;;;;;;;;;;;;;;;;;;;;255;255;255;;;255;255;255;;;;;;254;254;;
49490000;2;01/02/2004;;1;1;;;;;;0;0;0;;0;;;;;;;;101,1032;56,2713;39,3407;29,4728;25,2827;21,4311;21,0977;17,9147;20,439;20,7669;17,0133;13,6532;12,6197;10,9144;7,8939;5,5476;5,3852;5,2253;5,2253;5,3852;4,9131;4,6111;;;255;255;254;;;;;1;1;1;1;1;1;1;1;1;1;1;1;1;1;1;1;1;1;1;1;1;1;;;
49490000;2;01/03/2004;;1;1;22,1064;0,0474;4,7687;14;31;1;1;1;;0;4,0375;4,0375;2,6873;2,6873;1,4887;1,4887;0,7803;0,5515;0,3827;1,086;4,0375;13,3908;21,7674;22,1064;21,0977;18,5292;9,7762;6,2231;4,0375;2,1346;1,5829;1,2341;0,8923;0,592;0,4123;0,2815;0,1879;0,1224;0,0851;0,0639;0,0474;1;1;1;1;1;1;1;1;1;1;1;1;1;1;1;1;1;1;1;1;1;1;1;1;1;1;1;1;1;1;1;
49490000;2;01/04/2004;;1;1;0,0851;0,0158;0,0605;20;7;1;1;1;;0;0,028;0,0224;0,02;0,02;0,0178;0,0178;0,0158;0,0158;0,0704;0,0704;0,0704;0,0704;0,0704;0,0704;0,0704;0,0704;0,0774;0,0774;0,0774;0,0851;0,0851;0,0851;0,0851;0,0774;0,0774;0,0774;0,0774;0,0704;0,0704;0,0704;;1;1;1;1;1;1;1;1;1;1;1;1;1;1;1;1;1;1;1;1;1;1;1;1;1;1;1;1;1;1;;
49490000;2;01/05/2004;;1;1;;;;;;0;0;0;;0;0,0639;0,0639;0,0639;0,0639;0,0639;0,058;0,058;0,058;0,058;0,058;0,058;0,058;0,058;0,058;;;;;;;;;;;;;;;;;;1;1;1;1;1;1;1;1;1;1;1;1;1;1;;;;;;;;;;;;;;;;;;
49490000;2;01/06/2004;;1;1;;;;;;0;0;0;;0;;;;;;;;;;;;;;;;;;;;;;;;;;1,7868;1,4887;1,0178;0,8347;0,729;;;;;;;;;;;;;;;;;;;;;;;;;;;1;1;1;1;1;;
49490000;2;01/07/2004;;1;1;1,7868;0,2215;0,7049;31;20;1;1;1;;0;0,592;0,4776;0,592;0,729;0,8347;1,3145;1,086;0,8923;0,6806;0,635;0,635;0,592;0,5134;0,4776;0,4123;0,3288;0,3043;0,2815;0,2601;0,2215;0,592;0,7803;0,9533;0,729;0,7803;0,8347;0,8347;0,7803;0,8347;1,086;1,7868;1;1;1;1;1;1;1;1;1;1;1;1;1;1;1;1;1;1;1;1;1;1;1;1;1;1;1;1;1;1;1;
49490000;2;01/08/2004;;1;1;10,6035;2,1022;6,7383;12;1;1;1;1;;0;2,1022;2,9531;4,2602;7,3849;10,108;10,108;8,245;7,5955;7,1774;8,0255;8,9213;10,6035;10,108;8,6929;7,809;7,3849;6,7711;6,1841;6,7711;9,6244;8,6929;8,245;7,5955;6,5725;5,8075;4,9182;4,4202;3,7978;3,2228;2,5707;2,2149;1;1;1;1;1;1;1;1;1;1;1;1;1;1;1;1;1;1;1;1;1;1;1;1;1;1;1;1;1;1;1;
49490000;2;01/09/2004;;1;1;1,7868;0,1224;0,4734;1;30;1;1;1;;0;1,7868;1,4887;1,086;0,9533;0,8923;0,7803;0,6806;0,592;0,5134;0,4776;0,4439;0,4123;0,3827;0,3548;0,3288;0,3043;0,2601;0,2601;0,2402;0,2402;0,2215;0,2042;0,2042;0,1879;0,1729;0,1729;0,1588;0,1458;0,1336;0,1224;;1;1;1;1;1;1;1;1;1;1;1;1;1;1;1;1;1;1;1;1;1;1;1;1;1;1;1;1;1;1;;
49490000;2;01/10/2004;;1;1;;;;;;0;0;0;;0;0,1224;0,1119;0,1023;0,1023;0,0933;0,0851;0,0851;0,0851;0,0851;0,0851;0,0774;0,0774;0,0704;0,0704;0,0639;;;;;;;;;;;;;;;;;1;1;1;1;1;1;1;1;1;1;1;1;1;1;1;;;;;;;;;;;;;;;;;
49490000;2;01/02/2005;;1;1;;;;;;0;0;0;;0;;;;;;;;;;;;;;;;;;;0,8923;0,6806;0,592;0,4439;0,3288;0,2215;0,1879;;;;;;;;;;;;;;;;;;;;;;;;;1;1;1;1;1;1;1;;;;;;;
49490000;2;01/03/2005;;1;1;;;;;;0;0;0;;0;;;;;;;;;;;;;;;;;;;;;;;;;;;;5,265;2,8227;3,6496;2,9531;;;;;;;;;;;;;;;;;;;;;;;;;;;;1;1;1;1;
49490000;2;01/04/2005;;1;1;5,265;0,0347;1,0484;3;16;1;1;1;;0;2,3305;4,4202;5,265;4,7493;3,6496;3,2228;2,6952;1,5829;0,7803;0,4123;0,1879;0,1119;0,0933;0,0704;0,0525;0,0347;0,0704;0,0851;0,1224;0,1588;0,1224;0,1023;0,0774;0,0704;0,058;0,0851;0,1336;0,2042;0,1729;0,3288;;1;1;1;1;1;1;1;1;1;1;1;1;1;1;1;1;1;1;1;1;1;1;1;1;1;1;1;1;1;1;;
49490000;2;01/05/2005;;1;1;26,4727;0,8347;8,8819;12;1;1;1;1;;0;0,8347;2,5707;3,5044;4,7493;7,809;14,7;17,4801;14,997;13,2599;14,7;17,804;26,4727;23,7664;18,7934;14,406;12,4317;9,387;7,5955;6,5725;6,1841;5,6237;4,9182;4,4202;3,949;3,5044;3,0865;2,8227;2,5707;2,3305;2,1022;1,9925;1;1;1;1;1;1;1;1;1;1;1;1;1;1;1;1;1;1;1;1;1;1;1;1;1;1;1;1;1;1;1;
49490000;2;01/06/2005;;1;1;44,2374;2,6952;21,6087;17;1;1;1;1;;0;2,6952;3,7978;14,406;12,1616;10,3543;8,245;6,7711;5,9943;5,6237;5,0901;6,3768;8,0255;10,108;23,0201;33,6559;39,2477;44,2374;44,2374;43,725;42,2056;40,2217;39,2477;37,3358;33,6559;28,4956;25,6845;20,5022;18,1308;16,2147;18,7934;;1;1;1;1;1;1;1;1;1;1;1;1;1;1;1;1;1;1;1;1;1;1;1;1;1;1;1;1;1;1;;
49490000;2;01/07/2005;;1;1;31,8878;4,2602;14,1539;4;28;1;1;1;;0;15,9058;24,144;28,4956;31,8878;30,1677;25,6845;22,6514;18,7934;17,1593;15,9058;14,997;19,4679;18,7934;17,1593;15,9058;15,2969;13,2599;11,1109;9,1527;7,5955;6,5725;5,9943;6,5725;7,5955;7,5955;6,3768;5,265;4,2602;4,2602;4,7493;5,9943;1;1;1;1;1;1;1;1;1;1;1;1;1;1;1;1;1;1;1;1;1;1;1;1;1;1;1;1;1;1;1;
49490000;2;01/08/2005;;1;1;10,3543;3,6496;6,3338;24;16;1;1;1;;0;7,3849;6,7711;5,8075;5,4429;5,4429;5,6237;5,6237;5,4429;5,4429;5,265;5,265;4,7493;4,4202;4,2602;3,949;3,6496;4,1031;5,0901;5,6237;5,265;6,3768;8,245;9,6244;10,3543;9,8647;10,3543;9,1527;7,809;7,1774;6,7711;5,9943;1;1;1;1;1;1;1;1;1;1;1;1;1;1;1;1;1;1;1;1;1;1;1;1;1;1;1;1;1;1;1;
49490000;2;01/09/2005;;1;1;;;;;;0;0;0;;0;4,9182;4,4202;;;;;;;;;;;;;;;;;;;;;;;;;;;;;;1;1;;;;;;;;;;;;;;;;;;;;;;;;;;;;;;
49490000;2;01/03/2006;;1;1;;;;;;0;0;0;;0;;;;;;;;;;;89,031;29,3257;10,8557;3,5044;0,4439;0,0933;0,0639;0,058;0,0525;0,0774;0,1119;0,1023;0,1023;0,1023;16,8414;43,2155;34,5579;20,8529;6,7711;1,3993;0,592;;;;;;;;;;;1;1;1;1;1;1;1;1;1;1;1;1;1;1;1;1;1;1;1;1;1;
49490000;2;01/04/2006;;1;1;0,4776;0,0851;0,1829;1;30;1;1;1;;0;0,4776;0,4439;0,4123;0,3827;0,3548;0,2815;0,2215;0,2215;0,2042;0,1879;0,1879;0,1729;0,1588;0,1458;0,1458;0,1336;0,1224;0,1119;0,1023;0,0933;0,0933;0,0933;0,0933;0,0933;0,0933;0,0933;0,0933;0,0933;0,0933;0,0851;;1;1;1;1;1;1;1;1;1;1;1;1;1;1;1;1;1;1;1;1;1;1;1;1;1;1;1;1;1;1;;
49490000;2;01/05/2006;;1;1;9,387;0,0704;1,8261;16;7;1;1;1;;0;0,0851;0,0851;0,0851;0,0774;0,0774;0,0774;0,0704;0,0851;0,0933;0,0933;0,0933;0,0933;0,3288;0,9533;3,3621;9,387;8,245;7,3849;5,8075;4,9182;3,949;2,9531;1,9925;1,3993;1,086;0,8347;0,6806;0,5515;0,729;0,5515;0,4776;1;1;1;1;1;1;1;1;1;1;1;1;1;1;1;1;1;1;1;1;1;1;1;1;1;1;1;1;1;1;1;
49490000;2;01/06/2006;;1;1;59,8055;0,3827;13,9749;27;4;1;1;1;;0;0,4776;0,4439;0,4123;0,3827;0,4439;0,5134;0,7803;1,0178;1,0178;0,8923;0,7803;0,729;1,0178;1,7868;2,4491;3,3621;4,9182;7,1774;10,3543;16,8414;19,8097;21,923;24,144;25,2949;29,7452;34,1054;59,8055;51,7272;47,9088;48,9847;;1;1;1;1;1;1;1;1;1;1;1;1;1;1;1;1;1;1;1;1;1;1;1;1;1;1;1;1;1;1;;
49490000;2;01/07/2006;;1;1;56,2713;7,5955;24,5804;6;31;1;1;1;;0;48,9847;47,9088;46,8448;52,2847;55,6928;56,2713;50,0727;39,7332;35,0134;29,7452;24,5246;20,8529;15,5998;13,542;13,542;13,827;14,115;13,827;13,827;13,542;13,542;14,115;14,7;15,2969;14,7;14,406;14,406;12,9809;11,1109;9,387;7,5955;1;1;1;1;1;1;1;1;1;1;1;1;1;1;1;1;1;1;1;1;1;1;1;1;1;1;1;1;1;1;1;
49490000;2;01/08/2006;;1;1;6,3768;0,0251;1,8248;1;31;1;1;1;;0;6,3768;5,6237;5,4429;4,9182;4,5833;4,1031;3,7978;3,5044;3,2228;2,9531;2,5707;2,1022;1,7868;1,3993;0,9533;0,6806;0,5134;0,3827;0,3288;0,2815;0,2215;0,1879;0,1588;0,1224;0,0933;0,0704;0,058;0,0428;0,0347;0,028;0,0251;1;1;1;1;1;1;1;1;1;1;1;1;1;1;1;1;1;1;1;1;1;1;1;1;1;1;1;1;1;1;1;
49490000;2;01/09/2006;;1;1;0,4123;0,0386;0,1496;11;1;1;1;1;;0;0,0386;0,0474;0,0474;0,0474;0,0474;0,0474;0,0774;0,0851;0,1119;0,1588;0,4123;0,3288;0,2815;0,2402;0,2215;0,2215;0,2042;0,2042;0,2042;0,1879;0,1879;0,1729;0,1458;0,1224;0,1023;0,1023;0,1023;0,0933;0,1224;0,1224;;1;1;1;1;1;1;1;1;1;1;1;1;1;1;1;1;1;1;1;1;1;1;1;1;1;1;1;1;1;1;;
49490000;2;01/10/2006;;1;1;;;;;;0;0;0;;0;0,1224;0,1224;0,1119;0,1119;0,1119;0,1119;0,1119;0,1119;0,1023;0,1023;0,1023;0,1023;0,1023;0,1023;0,1023;0,0933;0,0933;0,0933;0,0933;0,0933;0,0933;0,1023;0,1023;0,1023;0,1023;0,1023;0,1023;;;;;1;1;1;1;1;1;1;1;1;1;1;1;1;1;1;1;1;1;1;1;1;1;1;1;1;1;1;;;;;
49490000;2;01/02/2007;;1;1;;;;;;0;0;0;;0;;;;;;;;;;;;;;;;;;7,809;6,9727;6,3768;5,6237;5,265;5,4429;6,5725;6,9727;6,7711;6,5725;6,1841;;;;;;;;;;;;;;;;;;;;;1;1;1;1;1;1;1;1;1;1;1;;;;
49490000;2;01/03/2007;;1;1;65,3098;4,5833;13,0436;12;8;1;1;1;;0;5,8075;5,4429;5,265;5,265;5,0901;4,9182;4,7493;4,5833;5,265;7,809;29,3257;65,3098;42,2056;23,0201;17,4801;14,7;12,4317;10,6035;9,387;8,9213;8,6929;8,4675;15,5998;22,2857;17,804;10,8557;8,4675;6,9727;6,3768;5,8075;5,4429;1;1;1;1;1;1;1;1;1;1;1;1;1;1;1;1;1;1;1;1;1;1;1;1;1;1;1;1;1;1;1;
49490000;2;01/04/2007;;1;1;;;;;;0;0;0;;0;4,9182;3,949;3,2228;2,5707;1,7868;1,2341;0,7803;0,5515;0,4123;0,3548;0,3043;0,3043;0,2815;0,2815;0,2601;0,2402;0,2402;0,2042;0,1879;0,1458;0,1336;0,1224;;;;;;;;;;1;1;1;1;1;1;1;1;1;1;1;1;1;1;1;1;1;1;1;1;1;1;;;;;;;;;;
49490000;2;01/05/2007;;1;1;;;;;;0;0;0;;0;;;;;;;;;;;;;;5,6237;4,7493;3,6496;3,3621;3,5044;2,9531;2,5707;2,1022;1,7868;1,4887;1,3993;1,3993;1,2341;1,158;1,086;1,0178;0,9533;0,8923;;;;;;;;;;;;;;1;1;1;1;1;1;1;1;1;1;1;1;1;1;1;1;1;1;
49490000;2;01/06/2007;;1;1;;;;;;0;0;0;;0;0,8347;0,7803;1,086;1,4887;1,9925;1,7868;1,6822;1,5829;1,3145;1,086;0,8923;0,729;0,5515;0,4439;0,3827;0,3043;0,2402;0,1879;0,1588;0,1224;;;;;;;;;;;;1;1;1;1;1;1;1;1;1;1;1;1;1;1;1;1;1;1;1;1;;;;;;;;;;;;
49490000;2;01/07/2007;;1;1;;;;;;0;0;0;;0;;;;;;;;;;;10,3543;8,9213;8,0255;6,9727;5,9943;5,4429;4,5833;3,6496;3,0865;2,6952;2,5707;2,4491;2,3305;2,2149;2,1022;1,9925;1,8858;5,8075;5,0901;4,7493;3,5044;;;;;;;;;;;1;1;1;1;1;1;1;1;1;1;1;1;1;1;1;1;1;1;1;1;1;
49490000;2;01/08/2007;;1;1;11,3691;0,7803;3,9514;4;31;1;1;1;;0;2,3305;4,9182;7,3849;11,3691;11,3691;9,1527;6,7711;6,1841;5,8075;5,4429;4,9182;4,4202;4,1031;3,7978;3,5044;3,2228;3,0865;2,8227;2,5707;2,4491;2,3305;2,2149;2,1022;1,8858;1,6822;1,4887;1,3145;1,158;1,0178;0,8923;0,7803;1;1;1;1;1;1;1;1;1;1;1;1;1;1;1;1;1;1;1;1;1;1;1;1;1;1;1;1;1;1;1;
49490000;2;01/09/2007;;1;1;2,8227;0,0933;0,8083;4;30;1;1;1;;0;0,635;0,5134;0,4123;2,8227;2,3305;1,9925;1,7868;1,6822;1,4887;1,3145;1,158;1,0178;0,8923;0,7803;0,729;0,635;0,592;0,5134;0,4776;0,4439;0,4123;0,3288;0,2601;0,2215;0,1879;0,1588;0,1336;0,1224;0,1119;0,0933;;1;1;1;1;1;1;1;1;1;1;1;1;1;1;1;1;1;1;1;1;1;1;1;1;1;1;1;1;1;1;;
